DECISION: UPCOMING NEAR ROCK SAMPLE SEEN!
Rover is at  112   50
Mean of rock is at  111   142
Distance from rock  92.00543462209176
Number of possible pixels:  77
Rover velocity  0.9109
Rover direction  Direction.BottomRight
steer iter  0
[127. 126. 126. 125. 125. 124. 124. 124. 123. 123. 123. 123. 122. 122.
 122. 121. 121. 121. 120. 120. 120. 120. 119. 119. 119. 119. 118. 118.
 117. 117. 117. 116. 116. 116. 116. 115. 115. 114. 114. 114. 113. 113.
 112. 112. 112. 111. 111. 110. 110. 109. 109. 108. 108. 108. 107. 106.
 106. 105. 105. 104. 104. 103. 102. 101. 100. 100.  99.  98.  97.  96.
  95.  94.  93.  92.  91.  90.  87.] [160. 160. 159. 158. 157. 160. 157. 156. 160. 159. 156. 155. 159. 158.
 154. 157. 153. 152. 156. 155. 152. 151. 155. 154. 151. 150. 153. 149.
 152. 151. 148. 151. 150. 147. 146. 149. 145. 148. 147. 144. 146. 143.
 145. 142. 141. 144. 140. 142. 139. 141. 138. 140. 137. 136. 135. 137.
 134. 136. 133. 132. 131. 130. 129. 128. 127. 126. 125. 124. 123. 121.
 120. 119. 118. 116. 115. 114. 110.]


DECISION: UPCOMING NEAR ROCK SAMPLE SEEN!
Rover is at  112   50
Mean of rock is at  117   145
Distance from rock  95.13148795220224
Number of possible pixels:  32
Rover velocity  0.9055
Rover direction  Direction.BottomRight
steer iter  0
[129. 128. 127. 127. 126. 126. 125. 124. 123. 123. 122. 122. 121. 120.
 119. 119. 118. 117. 116. 115. 115. 114. 113. 112. 111. 110. 109. 108.
 107. 106. 105. 102.] [160. 159. 158. 157. 157. 156. 155. 154. 153. 152. 152. 151. 150. 149.
 148. 147. 146. 145. 144. 143. 142. 141. 140. 139. 137. 136. 135. 134.
 132. 131. 130. 126.]


DECISION: UPCOMING NEAR ROCK SAMPLE SEEN!
Rover is at  112   50
Mean of rock is at  117   145
Distance from rock  95.13148795220224
Number of possible pixels:  32
Rover velocity  0.9055
Rover direction  Direction.BottomRight
steer iter  0
[129. 128. 127. 127. 126. 126. 125. 124. 123. 123. 122. 122. 121. 120.
 119. 119. 118. 117. 116. 115. 115. 114. 113. 112. 111. 110. 109. 108.
 107. 106. 105. 102.] [160. 159. 158. 157. 157. 156. 155. 154. 153. 152. 152. 151. 150. 149.
 148. 147. 146. 145. 144. 143. 142. 141. 140. 139. 137. 136. 135. 134.
 132. 131. 130. 126.]


DECISION: UPCOMING NEAR ROCK SAMPLE SEEN!
Rover is at  112   50
Mean of rock is at  113   130
Distance from rock  80.00624975587844
Number of possible pixels:  50
Rover velocity  0.8976
Rover direction  Direction.BottomRight
steer iter  0
[138. 137. 136. 135. 132. 131. 130. 127. 126. 125. 124. 122. 122. 121.
 120. 119. 118. 116. 115. 114. 114. 113. 113. 112. 112. 111. 111. 110.
 110. 109. 109. 108. 108. 107. 107. 106. 105. 105. 104. 104. 103. 103.
 102. 102. 101. 101. 100.  99.  98.  97.] [159. 158. 157. 156. 152. 151. 150. 146. 145. 144. 143. 140. 138. 139.
 138. 137. 136. 133. 132. 131. 129. 130. 128. 129. 127. 127. 126. 126.
 125. 125. 124. 124. 123. 123. 122. 121. 120. 119. 119. 118. 118. 117.
 117. 116. 116. 115. 114. 113. 112. 111.]


DECISION: UPCOMING NEAR ROCK SAMPLE SEEN!
Rover is at  112   50
Mean of rock is at  115   133
Distance from rock  83.05419917138447
Number of possible pixels:  104
Rover velocity  0.8923
Rover direction  Direction.BottomRight
steer iter  0
[140. 139. 138. 136. 136. 135. 135. 134. 134. 134. 133. 133. 133. 132.
 132. 132. 131. 131. 130. 130. 129. 129. 128. 128. 128. 127. 127. 127.
 126. 126. 125. 125. 125. 124. 124. 123. 123. 122. 122. 122. 121. 121.
 120. 120. 120. 119. 119. 119. 118. 118. 117. 117. 116. 116. 115. 115.
 115. 114. 114. 114. 113. 113. 113. 112. 112. 111. 111. 110. 110. 109.
 109. 109. 108. 108. 108. 107. 106. 105. 104. 104. 103. 103. 102. 101.
 100.  99.  99.  98.  98.  97.  96.  95.  94.  93.  93.  92.  91.  90.
  89.  87.  86.  85.  82.  81.] [159. 158. 157. 160. 159. 159. 158. 158. 157. 152. 157. 156. 151. 156.
 155. 150. 154. 153. 153. 152. 152. 151. 151. 150. 145. 150. 149. 144.
 148. 143. 147. 146. 142. 146. 145. 145. 144. 144. 143. 138. 142. 137.
 141. 140. 136. 140. 139. 135. 139. 138. 138. 137. 136. 131. 135. 130.
 129. 134. 133. 129. 133. 132. 128. 132. 131. 130. 125. 129. 124. 128.
 127. 123. 127. 126. 122. 125. 124. 123. 122. 121. 121. 120. 119. 118.
 117. 116. 115. 115. 114. 113. 112. 111. 110. 109. 108. 107. 106. 105.
 104. 101. 100.  99.  95.  94.]


DECISION: UPCOMING NEAR ROCK SAMPLE SEEN!
Rover is at  112   50
Mean of rock is at  115   133
Distance from rock  83.05419917138447
Number of possible pixels:  104
Rover velocity  0.8923
Rover direction  Direction.BottomRight
steer iter  0
[140. 139. 138. 136. 136. 135. 135. 134. 134. 134. 133. 133. 133. 132.
 132. 132. 131. 131. 130. 130. 129. 129. 128. 128. 128. 127. 127. 127.
 126. 126. 125. 125. 125. 124. 124. 123. 123. 122. 122. 122. 121. 121.
 120. 120. 120. 119. 119. 119. 118. 118. 117. 117. 116. 116. 115. 115.
 115. 114. 114. 114. 113. 113. 113. 112. 112. 111. 111. 110. 110. 109.
 109. 109. 108. 108. 108. 107. 106. 105. 104. 104. 103. 103. 102. 101.
 100.  99.  99.  98.  98.  97.  96.  95.  94.  93.  93.  92.  91.  90.
  89.  87.  86.  85.  82.  81.] [159. 158. 157. 160. 159. 159. 158. 158. 157. 152. 157. 156. 151. 156.
 155. 150. 154. 153. 153. 152. 152. 151. 151. 150. 145. 150. 149. 144.
 148. 143. 147. 146. 142. 146. 145. 145. 144. 144. 143. 138. 142. 137.
 141. 140. 136. 140. 139. 135. 139. 138. 138. 137. 136. 131. 135. 130.
 129. 134. 133. 129. 133. 132. 128. 132. 131. 130. 125. 129. 124. 128.
 127. 123. 127. 126. 122. 125. 124. 123. 122. 121. 121. 120. 119. 118.
 117. 116. 115. 115. 114. 113. 112. 111. 110. 109. 108. 107. 106. 105.
 104. 101. 100.  99.  95.  94.]


DECISION: UPCOMING NEAR ROCK SAMPLE SEEN!
Rover is at  112   50
Mean of rock is at  114   123
Distance from rock  73.02739212103907
Number of possible pixels:  292
Rover velocity  0.8846
Rover direction  Direction.BottomRight
steer iter  0
[152. 151. 150. 149. 148. 148. 147. 147. 147. 146. 146. 146. 146. 145.
 145. 145. 145. 145. 144. 144. 144. 144. 144. 143. 143. 143. 143. 143.
 143. 142. 142. 142. 142. 142. 142. 141. 141. 141. 141. 141. 141. 140.
 140. 140. 140. 140. 139. 139. 139. 139. 139. 139. 138. 138. 138. 138.
 137. 137. 137. 137. 136. 136. 136. 136. 135. 135. 135. 135. 134. 134.
 134. 134. 133. 133. 133. 133. 132. 132. 132. 132. 132. 131. 131. 131.
 131. 130. 130. 130. 130. 130. 129. 129. 129. 129. 129. 128. 128. 128.
 128. 128. 127. 127. 127. 127. 127. 126. 126. 126. 126. 126. 125. 125.
 125. 125. 125. 124. 124. 124. 124. 124. 123. 123. 123. 123. 123. 122.
 122. 122. 122. 121. 121. 121. 120. 120. 120. 120. 119. 119. 119. 119.
 118. 118. 118. 118. 118. 117. 117. 117. 117. 117. 117. 116. 116. 116.
 116. 116. 115. 115. 115. 115. 115. 114. 114. 114. 114. 113. 113. 113.
 113. 112. 112. 112. 112. 111. 111. 111. 111. 110. 110. 110. 110. 109.
 109. 109. 109. 108. 108. 108. 108. 107. 107. 107. 107. 106. 106. 106.
 106. 105. 105. 105. 105. 105. 104. 104. 104. 104. 104. 103. 103. 103.
 102. 102. 102. 101. 101. 101. 100. 100. 100.  99.  99.  99.  98.  98.
  97.  97.  96.  96.  95.  95.  95.  94.  94.  94.  93.  93.  93.  92.
  92.  92.  91.  91.  90.  90.  89.  88.  88.  87.  87.  86.  86.  86.
  85.  85.  85.  84.  84.  84.  83.  83.  83.  82.  82.  82.  81.  81.
  81.  80.  80.  79.  79.  78.  77.  77.  76.  76.  75.  75.  74.  74.
  73.  73.  72.  71.  71.  70.  70.  69.  69.  68.  67.  66.] [160. 159. 158. 157. 160. 156. 160. 159. 155. 160. 159. 158. 154. 159.
 158. 157. 154. 153. 158. 157. 156. 153. 152. 157. 156. 155. 152. 151.
 150. 156. 155. 154. 151. 150. 149. 155. 154. 153. 150. 149. 148. 154.
 153. 152. 148. 147. 153. 152. 151. 150. 147. 146. 151. 150. 149. 145.
 150. 149. 148. 144. 149. 148. 147. 143. 148. 147. 146. 142. 147. 146.
 145. 141. 146. 145. 144. 140. 145. 144. 143. 140. 139. 143. 142. 139.
 138. 142. 141. 138. 137. 136. 141. 140. 137. 136. 135. 140. 139. 138.
 135. 134. 139. 138. 137. 134. 133. 138. 137. 136. 133. 132. 137. 136.
 135. 132. 131. 136. 135. 134. 131. 130. 135. 134. 133. 130. 129. 133.
 132. 129. 128. 132. 131. 127. 131. 130. 127. 126. 130. 129. 126. 125.
 129. 128. 125. 124. 123. 128. 127. 126. 124. 123. 122. 127. 126. 125.
 122. 121. 126. 125. 124. 121. 120. 124. 123. 120. 119. 123. 122. 119.
 118. 122. 121. 118. 117. 121. 120. 117. 116. 120. 119. 116. 115. 119.
 118. 115. 114. 118. 117. 114. 112. 117. 116. 113. 111. 115. 114. 112.
 110. 114. 113. 111. 110. 109. 113. 112. 110. 109. 108. 112. 111. 108.
 111. 110. 107. 110. 109. 106. 109. 108. 105. 108. 107. 104. 106. 103.
 105. 102. 104. 101. 103. 102. 100. 102. 101.  99. 101. 100.  98. 100.
  99.  97.  99.  98.  98.  97.  96.  95.  92.  94.  91.  93.  92.  90.
  92.  91.  89.  91.  90.  88.  90.  89.  87.  89.  88.  86.  88.  87.
  85.  86.  84.  85.  83.  84.  83.  82.  82.  81.  81.  80.  80.  79.
  79.  78.  77.  76.  75.  75.  74.  74.  73.  73.  72.  71.]


DECISION: UPCOMING NEAR ROCK SAMPLE SEEN!
Rover is at  112   50
Mean of rock is at  113   100
Distance from rock  50.00999900019995
Number of possible pixels:  25
Rover velocity  0.9091
Rover direction  Direction.BottomRight
steer iter  0
[153. 152. 149. 141. 141. 140. 128. 127. 126. 115. 113. 112. 111. 110.
 109. 108. 107. 103.  90.  88.  87.  86.  85.  84.  68.] [139. 138. 135. 129. 126. 128. 114. 113. 112. 102. 100.  99.  98.  97.
  96.  95.  94.  91.  79.  77.  76.  75.  74.  74.  59.]


DECISION: UPCOMING NEAR ROCK SAMPLE SEEN!
Rover is at  113   50
Mean of rock is at  120   83
Distance from rock  33.734255586866
Number of possible pixels:  61
Rover velocity  1.4086
Rover direction  Direction.TopRight
steer iter  0
[160. 159. 157. 156. 153. 152. 150. 149. 147. 146. 143. 142. 140. 139.
 137. 136. 135. 133. 132. 130. 129. 127. 126. 125. 123. 122. 120. 119.
 117. 116. 115. 114. 113. 112. 111. 110. 109. 108. 108. 107. 107. 106.
 106. 105. 105. 104. 103. 102. 101. 101. 100. 100.  99.  99.  98.  98.
  97.  97.  96.  96.  95.] [111. 110. 109. 108. 106. 105. 104. 103. 102. 101.  99.  98.  97.  96.
  95.  94.  93.  92.  91.  90.  89.  88.  87.  86.  85.  84.  83.  82.
  81.  80.  79.  79.  78.  77.  77.  76.  75.  78.  74.  77.  74.  76.
  73.  75.  72.  72.  71.  70.  72.  70.  71.  69.  70.  68.  69.  68.
  68.  67.  68.  66.  68.]
old steer:  15.0 old vel:  1.4086

-->ACTION TOP: Set steer towards rock and reduce velocity
new steer:  3.0 new vel:  1.4086
brake applied


DECISION: UPCOMING NEAR ROCK SAMPLE SEEN!
Rover is at  114   49
Mean of rock is at  127   55
Distance from rock  14.317821063276353
Number of possible pixels:  129
Rover velocity  0.5213
Rover direction  Direction.TopRight
steer iter  0
[160. 160. 160. 159. 159. 159. 159. 158. 158. 158. 158. 157. 157. 157.
 156. 156. 156. 156. 155. 155. 155. 154. 154. 154. 154. 153. 153. 153.
 152. 152. 152. 152. 151. 151. 150. 150. 150. 149. 149. 148. 148. 147.
 147. 147. 146. 146. 145. 145. 145. 144. 143. 143. 143. 142. 141. 141.
 141. 140. 139. 139. 138. 137. 137. 136. 136. 135. 134. 134. 133. 132.
 132. 131. 130. 129. 128. 127. 126. 125. 124. 123. 123. 121. 119. 118.
 117. 116. 114. 112. 110. 108. 107. 106. 106. 105. 104. 103. 103. 102.
 101.  99.  98.  97.  97.  96.  96.  95.  94.  94.  92.  91.  90.  89.
  89.  87.  87.  85.  84.  82.  82.  82.  80.  80.  80.  79.  78.  77.
  76.  75.  74.] [72. 71. 70. 72. 71. 70. 69. 72. 71. 70. 69. 71. 70. 69. 71. 70. 69. 68.
 70. 69. 68. 70. 69. 68. 67. 69. 68. 67. 69. 68. 67. 66. 68. 66. 67. 66.
 65. 67. 65. 66. 65. 66. 65. 64. 65. 64. 65. 64. 63. 63. 64. 63. 62. 62.
 63. 62. 61. 61. 62. 61. 60. 61. 60. 61. 59. 59. 60. 58. 58. 59. 57. 57.
 58. 56. 57. 55. 55. 54. 54. 55. 53. 54. 53. 51. 52. 50. 49. 48. 49. 48.
 46. 47. 44. 45. 43. 44. 43. 42. 42. 41. 41. 43. 40. 41. 40. 39. 40. 39.
 38. 38. 37. 38. 37. 37. 36. 35. 37. 36. 35. 34. 35. 34. 33. 34. 34. 33.
 33. 32. 32.]
old steer:  15.0 old vel:  0.5213

-->ACTION TOP: Set steer towards rock and reduce velocity
new steer:  3.0 new vel:  0.5213
brake applied


DECISION: UPCOMING NEAR ROCK SAMPLE SEEN!
Rover is at  114   49
Mean of rock is at  117   46
Distance from rock  4.242640687119285
Number of possible pixels:  55
Rover velocity  0.3939
Rover direction  Direction.TopRight
steer iter  0
[135. 134. 133. 133. 132. 131. 130. 130. 129. 129. 128. 128. 127. 127.
 127. 126. 126. 125. 125. 124. 124. 123. 123. 122. 122. 121. 121. 120.
 120. 119. 119. 118. 118. 117. 117. 116. 116. 114. 112. 111. 110. 109.
 107. 105. 104. 103. 100.  98.  96.  95.  94.  92.  91.  90.  89.] [54. 54. 54. 53. 53. 53. 53. 52. 52. 47. 52. 51. 52. 51. 46. 51. 50. 51.
 50. 50. 45. 50. 49. 50. 49. 49. 48. 49. 48. 48. 47. 48. 47. 47. 46. 47.
 46. 45. 44. 44. 43. 43. 42. 41. 38. 40. 39. 38. 35. 37. 37. 36. 36. 36.
 36.]


DECISION: UPCOMING NEAR ROCK SAMPLE SEEN!
Rover is at  114   49
Mean of rock is at  133   54
Distance from rock  19.6468827043885
Number of possible pixels:  52
Rover velocity  0.3892
Rover direction  Direction.TopRight
steer iter  0
[160. 159. 158. 158. 157. 156. 155. 154. 153. 153. 152. 151. 150. 149.
 148. 148. 147. 146. 145. 144. 143. 142. 141. 140. 139. 138. 137. 135.
 134. 133. 132. 131. 130. 128. 127. 126. 125. 123. 121. 120. 118. 116.
 113. 111. 108. 106. 104. 101.  99.  94.  91.  89.] [65. 65. 65. 64. 64. 64. 63. 63. 63. 62. 62. 62. 61. 61. 61. 60. 60. 60.
 59. 59. 58. 58. 58. 57. 57. 56. 56. 55. 55. 54. 54. 53. 53. 52. 52. 51.
 51. 50. 49. 49. 48. 47. 46. 45. 44. 43. 42. 41. 40. 38. 37. 36.]
old steer:  15.0 old vel:  0.3892

-->ACTION TOP: Set steer towards rock and reduce velocity
new steer:  3.0 new vel:  0.3892
brake applied


DECISION: UPCOMING NEAR ROCK SAMPLE SEEN!
Rover is at  114   49
Mean of rock is at  133   54
Distance from rock  19.6468827043885
Number of possible pixels:  52
Rover velocity  0.3892
Rover direction  Direction.TopRight
steer iter  10
[160. 159. 158. 158. 157. 156. 155. 154. 153. 153. 152. 151. 150. 149.
 148. 148. 147. 146. 145. 144. 143. 142. 141. 140. 139. 138. 137. 135.
 134. 133. 132. 131. 130. 128. 127. 126. 125. 123. 121. 120. 118. 116.
 113. 111. 108. 106. 104. 101.  99.  94.  91.  89.] [65. 65. 65. 64. 64. 64. 63. 63. 63. 62. 62. 62. 61. 61. 61. 60. 60. 60.
 59. 59. 58. 58. 58. 57. 57. 56. 56. 55. 55. 54. 54. 53. 53. 52. 52. 51.
 51. 50. 49. 49. 48. 47. 46. 45. 44. 43. 42. 41. 40. 38. 37. 36.]
old steer:  15.0 old vel:  0.3892
new steer:  15.0 new vel:  0.3892
brake applied


DECISION: UPCOMING NEAR ROCK SAMPLE SEEN!
Rover is at  114   49
Mean of rock is at  142   49
Distance from rock  28.0
Number of possible pixels:  87
Rover velocity  0.153
Rover direction  Direction.TopRight
steer iter  0
[160. 160. 159. 159. 158. 158. 157. 157. 157. 156. 156. 155. 155. 155.
 155. 154. 154. 154. 154. 153. 153. 153. 152. 152. 152. 151. 151. 151.
 150. 150. 149. 149. 149. 149. 148. 148. 147. 147. 147. 147. 146. 146.
 145. 144. 144. 144. 143. 142. 142. 142. 141. 140. 140. 139. 139. 139.
 138. 137. 137. 136. 136. 135. 134. 134. 134. 133. 133. 132. 132. 131.
 130. 130. 129. 129. 129. 128. 128. 127. 127. 126. 126. 125. 124. 124.
 123. 121. 110.] [55. 54. 55. 54. 55. 54. 55. 54. 53. 54. 53. 58. 54. 53. 52. 54. 53. 52.
 51. 53. 52. 51. 53. 52. 51. 53. 52. 50. 52. 50. 52. 51. 50. 49. 52. 49.
 55. 52. 51. 48. 51. 48. 51. 51. 50. 47. 50. 53. 50. 46. 50. 50. 49. 52.
 49. 45. 49. 49. 48. 49. 48. 48. 50. 48. 43. 48. 47. 49. 47. 47. 48. 47.
 48. 47. 46. 47. 46. 47. 46. 47. 46. 46. 46. 45. 45. 45. 41.]


DECISION: UPCOMING NEAR ROCK SAMPLE SEEN!
Rover is at  114   49
Mean of rock is at  139   43
Distance from rock  25.709920264364882
Number of possible pixels:  146
Rover velocity  0.235
Rover direction  Direction.TopRight
steer iter  0
[160. 160. 160. 160. 159. 159. 159. 159. 158. 158. 158. 158. 157. 157.
 157. 157. 156. 156. 156. 156. 155. 155. 155. 155. 154. 154. 154. 154.
 153. 153. 153. 153. 152. 152. 152. 152. 151. 151. 151. 151. 150. 150.
 150. 149. 149. 149. 149. 148. 148. 148. 148. 147. 147. 147. 146. 146.
 146. 146. 145. 145. 145. 145. 144. 144. 144. 143. 143. 143. 142. 142.
 142. 142. 142. 141. 141. 141. 140. 140. 140. 139. 139. 139. 139. 139.
 138. 138. 138. 138. 137. 137. 137. 137. 136. 136. 136. 135. 135. 135.
 135. 134. 134. 134. 134. 133. 133. 133. 132. 132. 132. 132. 131. 131.
 131. 130. 130. 129. 129. 129. 128. 128. 128. 127. 127. 126. 126. 126.
 125. 125. 125. 124. 124. 123. 123. 122. 122. 120. 119. 116. 113. 110.
 107. 103. 100.  97.  90.  89.] [51. 50. 49. 48. 50. 49. 48. 47. 50. 49. 48. 47. 50. 49. 48. 47. 49. 48.
 47. 46. 49. 48. 47. 46. 49. 48. 47. 46. 48. 47. 46. 45. 48. 47. 46. 45.
 48. 47. 46. 45. 47. 46. 45. 47. 46. 45. 44. 47. 46. 45. 44. 47. 46. 44.
 46. 45. 44. 43. 46. 45. 44. 43. 46. 45. 43. 45. 44. 43. 47. 45. 44. 43.
 42. 45. 44. 42. 46. 44. 42. 46. 44. 43. 42. 41. 45. 44. 43. 41. 45. 44.
 43. 41. 44. 43. 42. 44. 43. 42. 40. 44. 43. 42. 40. 43. 42. 41. 43. 42.
 41. 39. 42. 41. 39. 42. 41. 42. 41. 40. 41. 40. 38. 41. 40. 41. 40. 39.
 40. 39. 37. 40. 39. 39. 38. 39. 38. 37. 37. 36. 35. 34. 33. 32. 31. 30.
 28. 28.]


DECISION: UPCOMING NEAR ROCK SAMPLE SEEN!
Rover is at  114   49
Mean of rock is at  136   42
Distance from rock  23.08679276123039
Number of possible pixels:  49
Rover velocity  0.2485
Rover direction  Direction.TopRight
steer iter  0
[160. 160. 159. 158. 157. 157. 156. 155. 154. 154. 153. 153. 152. 151.
 150. 150. 149. 148. 147. 147. 146. 145. 144. 143. 142. 141. 139. 138.
 136. 135. 134. 133. 132. 131. 129. 128. 126. 125. 122. 119. 116. 113.
 112. 109. 106. 103. 100.  93.  89.] [50. 49. 49. 49. 49. 48. 48. 48. 48. 47. 48. 47. 47. 47. 47. 46. 46. 46.
 46. 45. 45. 45. 45. 44. 44. 44. 43. 43. 42. 42. 42. 41. 41. 41. 40. 40.
 39. 39. 38. 37. 36. 35. 35. 34. 33. 32. 31. 29. 28.]


DECISION: UPCOMING NEAR ROCK SAMPLE SEEN!
Rover is at  114   49
Mean of rock is at  136   42
Distance from rock  23.08679276123039
Number of possible pixels:  49
Rover velocity  0.2485
Rover direction  Direction.TopRight
steer iter  0
[160. 160. 159. 158. 157. 157. 156. 155. 154. 154. 153. 153. 152. 151.
 150. 150. 149. 148. 147. 147. 146. 145. 144. 143. 142. 141. 139. 138.
 136. 135. 134. 133. 132. 131. 129. 128. 126. 125. 122. 119. 116. 113.
 112. 109. 106. 103. 100.  93.  89.] [50. 49. 49. 49. 49. 48. 48. 48. 48. 47. 48. 47. 47. 47. 47. 46. 46. 46.
 46. 45. 45. 45. 45. 44. 44. 44. 43. 43. 42. 42. 42. 41. 41. 41. 40. 40.
 39. 39. 38. 37. 36. 35. 35. 34. 33. 32. 31. 29. 28.]


DECISION: UPCOMING NEAR ROCK SAMPLE SEEN!
Rover is at  115   50
Mean of rock is at  123   15
Distance from rock  35.90264614203248
Number of possible pixels:  47
Rover velocity  1.6398
Rover direction  Direction.TopRight
steer iter  0
[158. 157. 156. 155. 151. 150. 149. 148. 144. 143. 142. 138. 137. 136.
 135. 131. 130. 129. 126. 125. 124. 123. 120. 119. 118. 117. 116. 115.
 114. 113. 113. 112. 112. 111. 111. 110. 110. 109. 109. 108. 107. 105.
  98.  94.  94.  93.  93.] [21. 21. 21. 21. 20. 20. 20. 20. 19. 19. 19. 18. 18. 18. 18. 17. 17. 17.
 16. 16. 16. 16. 15. 15. 15. 15. 14. 14. 14. 14. 13. 14. 13. 13. 12. 13.
 12. 13. 12. 12. 12. 11. 10. 12. 11. 12. 11.]


DECISION: UPCOMING NEAR ROCK SAMPLE SEEN!
Rover is at  115   50
Mean of rock is at  123   15
Distance from rock  35.90264614203248
Number of possible pixels:  47
Rover velocity  1.6398
Rover direction  Direction.TopRight
steer iter  0
[158. 157. 156. 155. 151. 150. 149. 148. 144. 143. 142. 138. 137. 136.
 135. 131. 130. 129. 126. 125. 124. 123. 120. 119. 118. 117. 116. 115.
 114. 113. 113. 112. 112. 111. 111. 110. 110. 109. 109. 108. 107. 105.
  98.  94.  94.  93.  93.] [21. 21. 21. 21. 20. 20. 20. 20. 19. 19. 19. 18. 18. 18. 18. 17. 17. 17.
 16. 16. 16. 16. 15. 15. 15. 15. 14. 14. 14. 14. 13. 14. 13. 13. 12. 13.
 12. 13. 12. 12. 12. 11. 10. 12. 11. 12. 11.]


DECISION: UPCOMING NEAR ROCK SAMPLE SEEN!
Rover is at  115   50
Mean of rock is at  108   3
Distance from rock  47.51841748206689
Number of possible pixels:  21
Rover velocity  1.6946
Rover direction  Direction.TopRight
steer iter  0
[120. 120. 119. 119. 118. 117. 115. 114. 111. 110. 109. 108. 107. 107.
 103. 102. 101. 100.  95.  92.  92.] [6. 5. 6. 5. 5. 5. 4. 4. 1. 1. 1. 1. 3. 1. 2. 2. 2. 2. 2. 4. 1.]
Put Rover in STOP mode!  34
In STOP mode
In STOP mode (1) .. set zero steer
In STOP mode
In STOP mode (1) .. set zero steer
In STOP mode
In STOP mode (1) .. set zero steer
In STOP mode
In STOP mode (1) .. set zero steer
In STOP mode
In STOP mode (2) .. force steer
In STOP mode
In STOP mode (2) .. force steer
In STOP mode
In STOP mode (2) .. force steer
In STOP mode
In STOP mode (2) .. force steer
In STOP mode
In STOP mode (3) .. set mean steer
Put Rover in Forward mode!  14430


DECISION: UPCOMING NEAR ROCK SAMPLE SEEN!
Rover is at  117   51
Mean of rock is at  124   -19
Distance from rock  70.34912934784623
Number of possible pixels:  155
Rover velocity  0.5919
Rover direction  Direction.TopRight
steer iter  0
[160. 160. 160. 160. 159. 159. 159. 158. 158. 158. 157. 157. 156. 156.
 155. 155. 155. 154. 154. 153. 153. 153. 152. 152. 152. 151. 151. 151.
 150. 150. 149. 149. 148. 148. 147. 147. 146. 146. 146. 145. 145. 145.
 144. 144. 144. 143. 143. 142. 142. 141. 141. 140. 140. 139. 139. 139.
 138. 138. 137. 137. 137. 136. 136. 135. 135. 134. 134. 133. 132. 131.
 131. 131. 130. 130. 130. 129. 129. 128. 127. 126. 126. 125. 125. 124.
 124. 124. 123. 123. 123. 122. 121. 120. 120. 119. 119. 118. 118. 117.
 117. 116. 116. 115. 114. 114. 113. 113. 112. 111. 110. 110. 109. 109.
 109. 108. 108. 107. 106. 105. 104. 103. 103. 103. 102. 102. 102. 101.
 100.  99.  98.  97.  97.  96.  95.  95.  94.  93.  92.  91.  90.  89.
  88.  87.  86.  85.  84.  83.  82.  80.  79.  78.  77.  76.  72.  71.
  70.] [-22. -23. -28. -29. -22. -23. -28. -22. -23. -28. -22. -28. -22. -28.
 -22. -28. -29. -22. -27. -21. -22. -27. -21. -22. -27. -21. -22. -27.
 -21. -27. -21. -27. -21. -26. -21. -26. -20. -21. -26. -20. -21. -26.
 -20. -21. -26. -20. -25. -20. -25. -20. -25. -20. -25. -19. -20. -25.
 -19. -20. -19. -20. -24. -19. -24. -19. -24. -19. -24. -19. -19. -18.
 -19. -23. -18. -19. -23. -18. -23. -18. -18. -18. -22. -18. -22. -17.
 -18. -22. -17. -18. -22. -17. -17. -17. -21. -17. -21. -17. -21. -16.
 -17. -16. -17. -16. -16. -20. -16. -20. -16. -16. -15. -16. -15. -16.
 -19. -15. -19. -15. -15. -15. -15. -14. -15. -18. -14. -15. -18. -14.
 -14. -14. -14. -14. -17. -14. -13. -14. -13. -13. -13. -13. -13. -13.
 -12. -12. -12. -12. -12. -12. -12. -11. -11. -11. -11. -11. -10. -10.
 -10.]


DECISION: UPCOMING NEAR ROCK SAMPLE SEEN!
Rover is at  117   51
Mean of rock is at  120   -19
Distance from rock  70.06425622241343
Number of possible pixels:  390
Rover velocity  0.6336
Rover direction  Direction.TopRight
steer iter  0
[160. 160. 160. 160. 160. 159. 159. 159. 159. 159. 158. 158. 158. 157.
 157. 157. 157. 156. 156. 156. 156. 155. 155. 155. 155. 155. 154. 154.
 154. 154. 154. 154. 154. 153. 153. 153. 153. 153. 153. 152. 152. 152.
 152. 152. 151. 151. 151. 151. 150. 150. 150. 150. 149. 149. 149. 149.
 149. 148. 148. 148. 148. 148. 147. 147. 147. 147. 147. 147. 146. 146.
 146. 146. 146. 145. 145. 145. 145. 145. 144. 144. 144. 144. 144. 143.
 143. 143. 143. 143. 142. 142. 142. 142. 142. 141. 141. 141. 141. 141.
 140. 140. 140. 140. 140. 140. 139. 139. 139. 139. 139. 138. 138. 138.
 138. 138. 137. 137. 137. 137. 137. 137. 136. 136. 136. 136. 136. 135.
 135. 135. 135. 135. 135. 134. 134. 134. 134. 134. 133. 133. 133. 133.
 133. 132. 132. 132. 132. 132. 131. 131. 131. 131. 130. 130. 130. 130.
 130. 130. 130. 129. 129. 129. 129. 129. 129. 128. 128. 128. 128. 127.
 127. 127. 127. 126. 126. 126. 126. 126. 125. 125. 125. 125. 125. 124.
 124. 124. 124. 124. 124. 124. 123. 123. 123. 123. 123. 123. 123. 122.
 122. 122. 122. 122. 121. 121. 121. 121. 120. 120. 120. 120. 119. 119.
 119. 119. 118. 118. 118. 118. 118. 118. 117. 117. 117. 117. 117. 117.
 117. 116. 116. 116. 116. 116. 115. 115. 115. 115. 115. 114. 114. 114.
 114. 113. 113. 113. 113. 112. 112. 112. 112. 112. 111. 111. 111. 111.
 111. 111. 110. 110. 110. 110. 110. 109. 109. 109. 109. 109. 108. 108.
 108. 108. 108. 107. 107. 107. 107. 106. 106. 106. 106. 106. 105. 105.
 105. 105. 104. 104. 104. 104. 103. 103. 103. 103. 103. 103. 102. 102.
 102. 102. 102. 101. 101. 101. 101. 101. 100. 100. 100. 100. 100.  99.
  99.  99.  99.  98.  98.  98.  97.  97.  97.  96.  96.  96.  95.  95.
  95.  95.  95.  94.  94.  94.  94.  94.  94.  93.  93.  93.  92.  92.
  91.  91.  91.  90.  90.  90.  89.  89.  89.  88.  88.  88.  88.  87.
  87.  87.  86.  86.  86.  85.  85.  85.  84.  84.  84.  83.  83.  82.
  82.  81.  81.  81.  80.  80.  80.  79.  79.  79.  78.  78.  77.  76.
  76.  75.  75.  74.  74.  73.  72.  71.  70.  69.  65.  64.] [-22. -24. -25. -26. -28. -22. -24. -25. -26. -27. -24. -25. -27. -24.
 -25. -27. -29. -23. -24. -25. -27. -21. -23. -24. -25. -27. -21. -23.
 -24. -25. -26. -27. -28. -21. -23. -24. -25. -26. -28. -21. -23. -24.
 -26. -28. -21. -23. -24. -26. -22. -23. -24. -26. -22. -23. -24. -26.
 -27. -20. -22. -23. -24. -27. -20. -22. -23. -24. -25. -27. -20. -22.
 -23. -25. -27. -20. -22. -23. -25. -26. -20. -22. -23. -25. -26. -21.
 -22. -23. -25. -26. -21. -22. -23. -24. -26. -21. -22. -23. -24. -26.
 -19. -21. -22. -24. -25. -26. -19. -21. -22. -24. -25. -19. -21. -22.
 -24. -25. -19. -20. -21. -22. -24. -25. -20. -21. -22. -23. -25. -20.
 -21. -22. -23. -24. -25. -20. -21. -23. -24. -25. -18. -20. -21. -23.
 -24. -18. -20. -21. -23. -24. -18. -20. -21. -24. -18. -19. -20. -21.
 -22. -23. -24. -19. -20. -21. -22. -23. -24. -19. -20. -22. -23. -19.
 -20. -22. -23. -17. -19. -20. -22. -23. -17. -19. -20. -22. -23. -17.
 -18. -19. -20. -21. -22. -23. -17. -18. -19. -20. -21. -22. -23. -17.
 -18. -19. -21. -22. -18. -19. -21. -22. -18. -19. -21. -22. -18. -19.
 -21. -22. -16. -18. -19. -20. -21. -22. -16. -17. -18. -19. -20. -21.
 -22. -16. -17. -18. -20. -21. -16. -17. -18. -20. -21. -17. -18. -20.
 -21. -17. -18. -20. -21. -17. -18. -19. -20. -21. -16. -17. -18. -19.
 -20. -21. -15. -16. -17. -19. -20. -15. -16. -17. -19. -20. -15. -16.
 -17. -19. -20. -16. -17. -19. -20. -16. -17. -18. -19. -20. -16. -18.
 -19. -20. -15. -16. -18. -19. -14. -15. -16. -18. -19. -20. -14. -15.
 -16. -18. -19. -14. -15. -16. -18. -19. -15. -16. -17. -18. -19. -15.
 -17. -18. -19. -14. -15. -17. -14. -15. -17. -14. -15. -17. -13. -14.
 -15. -17. -18. -13. -14. -15. -16. -17. -18. -13. -14. -16. -14. -16.
 -13. -14. -16. -13. -14. -16. -13. -14. -16. -12. -13. -14. -15. -12.
 -13. -15. -12. -13. -15. -12. -13. -15. -12. -13. -15. -12. -13. -12.
 -14. -11. -12. -14. -11. -12. -14. -11. -12. -14. -11. -12. -11. -11.
 -13. -11. -13. -11. -13. -10. -10. -10. -10. -10.  -9.  -9.]


DECISION: UPCOMING NEAR ROCK SAMPLE SEEN!
Rover is at  117   51
Mean of rock is at  120   -19
Distance from rock  70.06425622241343
Number of possible pixels:  390
Rover velocity  0.6336
Rover direction  Direction.TopRight
steer iter  0
[160. 160. 160. 160. 160. 159. 159. 159. 159. 159. 158. 158. 158. 157.
 157. 157. 157. 156. 156. 156. 156. 155. 155. 155. 155. 155. 154. 154.
 154. 154. 154. 154. 154. 153. 153. 153. 153. 153. 153. 152. 152. 152.
 152. 152. 151. 151. 151. 151. 150. 150. 150. 150. 149. 149. 149. 149.
 149. 148. 148. 148. 148. 148. 147. 147. 147. 147. 147. 147. 146. 146.
 146. 146. 146. 145. 145. 145. 145. 145. 144. 144. 144. 144. 144. 143.
 143. 143. 143. 143. 142. 142. 142. 142. 142. 141. 141. 141. 141. 141.
 140. 140. 140. 140. 140. 140. 139. 139. 139. 139. 139. 138. 138. 138.
 138. 138. 137. 137. 137. 137. 137. 137. 136. 136. 136. 136. 136. 135.
 135. 135. 135. 135. 135. 134. 134. 134. 134. 134. 133. 133. 133. 133.
 133. 132. 132. 132. 132. 132. 131. 131. 131. 131. 130. 130. 130. 130.
 130. 130. 130. 129. 129. 129. 129. 129. 129. 128. 128. 128. 128. 127.
 127. 127. 127. 126. 126. 126. 126. 126. 125. 125. 125. 125. 125. 124.
 124. 124. 124. 124. 124. 124. 123. 123. 123. 123. 123. 123. 123. 122.
 122. 122. 122. 122. 121. 121. 121. 121. 120. 120. 120. 120. 119. 119.
 119. 119. 118. 118. 118. 118. 118. 118. 117. 117. 117. 117. 117. 117.
 117. 116. 116. 116. 116. 116. 115. 115. 115. 115. 115. 114. 114. 114.
 114. 113. 113. 113. 113. 112. 112. 112. 112. 112. 111. 111. 111. 111.
 111. 111. 110. 110. 110. 110. 110. 109. 109. 109. 109. 109. 108. 108.
 108. 108. 108. 107. 107. 107. 107. 106. 106. 106. 106. 106. 105. 105.
 105. 105. 104. 104. 104. 104. 103. 103. 103. 103. 103. 103. 102. 102.
 102. 102. 102. 101. 101. 101. 101. 101. 100. 100. 100. 100. 100.  99.
  99.  99.  99.  98.  98.  98.  97.  97.  97.  96.  96.  96.  95.  95.
  95.  95.  95.  94.  94.  94.  94.  94.  94.  93.  93.  93.  92.  92.
  91.  91.  91.  90.  90.  90.  89.  89.  89.  88.  88.  88.  88.  87.
  87.  87.  86.  86.  86.  85.  85.  85.  84.  84.  84.  83.  83.  82.
  82.  81.  81.  81.  80.  80.  80.  79.  79.  79.  78.  78.  77.  76.
  76.  75.  75.  74.  74.  73.  72.  71.  70.  69.  65.  64.] [-22. -24. -25. -26. -28. -22. -24. -25. -26. -27. -24. -25. -27. -24.
 -25. -27. -29. -23. -24. -25. -27. -21. -23. -24. -25. -27. -21. -23.
 -24. -25. -26. -27. -28. -21. -23. -24. -25. -26. -28. -21. -23. -24.
 -26. -28. -21. -23. -24. -26. -22. -23. -24. -26. -22. -23. -24. -26.
 -27. -20. -22. -23. -24. -27. -20. -22. -23. -24. -25. -27. -20. -22.
 -23. -25. -27. -20. -22. -23. -25. -26. -20. -22. -23. -25. -26. -21.
 -22. -23. -25. -26. -21. -22. -23. -24. -26. -21. -22. -23. -24. -26.
 -19. -21. -22. -24. -25. -26. -19. -21. -22. -24. -25. -19. -21. -22.
 -24. -25. -19. -20. -21. -22. -24. -25. -20. -21. -22. -23. -25. -20.
 -21. -22. -23. -24. -25. -20. -21. -23. -24. -25. -18. -20. -21. -23.
 -24. -18. -20. -21. -23. -24. -18. -20. -21. -24. -18. -19. -20. -21.
 -22. -23. -24. -19. -20. -21. -22. -23. -24. -19. -20. -22. -23. -19.
 -20. -22. -23. -17. -19. -20. -22. -23. -17. -19. -20. -22. -23. -17.
 -18. -19. -20. -21. -22. -23. -17. -18. -19. -20. -21. -22. -23. -17.
 -18. -19. -21. -22. -18. -19. -21. -22. -18. -19. -21. -22. -18. -19.
 -21. -22. -16. -18. -19. -20. -21. -22. -16. -17. -18. -19. -20. -21.
 -22. -16. -17. -18. -20. -21. -16. -17. -18. -20. -21. -17. -18. -20.
 -21. -17. -18. -20. -21. -17. -18. -19. -20. -21. -16. -17. -18. -19.
 -20. -21. -15. -16. -17. -19. -20. -15. -16. -17. -19. -20. -15. -16.
 -17. -19. -20. -16. -17. -19. -20. -16. -17. -18. -19. -20. -16. -18.
 -19. -20. -15. -16. -18. -19. -14. -15. -16. -18. -19. -20. -14. -15.
 -16. -18. -19. -14. -15. -16. -18. -19. -15. -16. -17. -18. -19. -15.
 -17. -18. -19. -14. -15. -17. -14. -15. -17. -14. -15. -17. -13. -14.
 -15. -17. -18. -13. -14. -15. -16. -17. -18. -13. -14. -16. -14. -16.
 -13. -14. -16. -13. -14. -16. -13. -14. -16. -12. -13. -14. -15. -12.
 -13. -15. -12. -13. -15. -12. -13. -15. -12. -13. -15. -12. -13. -12.
 -14. -11. -12. -14. -11. -12. -14. -11. -12. -14. -11. -12. -11. -11.
 -13. -11. -13. -11. -13. -10. -10. -10. -10. -10.  -9.  -9.]


DECISION: UPCOMING NEAR ROCK SAMPLE SEEN!
Rover is at  117   51
Mean of rock is at  111   -17
Distance from rock  68.26419266350405
Number of possible pixels:  172
Rover velocity  0.9325
Rover direction  Direction.TopRight
steer iter  0
[159. 158. 157. 156. 155. 154. 154. 153. 152. 151. 150. 149. 148. 148.
 147. 147. 146. 145. 144. 143. 143. 142. 142. 141. 141. 140. 140. 139.
 138. 137. 137. 136. 136. 135. 135. 134. 134. 133. 132. 132. 131. 131.
 130. 130. 129. 129. 128. 128. 127. 126. 126. 125. 125. 124. 124. 123.
 123. 123. 122. 122. 122. 122. 121. 121. 120. 120. 119. 119. 118. 118.
 118. 117. 117. 117. 117. 116. 116. 116. 116. 115. 115. 115. 114. 114.
 113. 113. 112. 112. 111. 111. 111. 111. 110. 110. 110. 109. 109. 109.
 108. 108. 107. 107. 106. 106. 105. 105. 104. 104. 104. 103. 103. 103.
 102. 102. 101. 101. 100. 100.  99.  99.  98.  98.  97.  97.  96.  96.
  95.  95.  94.  94.  93.  93.  92.  92.  91.  91.  90.  89.  88.  88.
  87.  87.  86.  86.  85.  85.  84.  83.  82.  81.  80.  79.  79.  78.
  77.  76.  75.  74.  74.  73.  73.  71.  70.  69.  67.  66.  65.  64.
  52.  51.  46.  45.] [-25. -25. -25. -25. -25. -24. -25. -24. -24. -24. -24. -24. -23. -24.
 -23. -24. -23. -23. -23. -22. -23. -22. -23. -22. -23. -22. -23. -22.
 -22. -21. -22. -21. -22. -21. -22. -21. -22. -21. -20. -21. -20. -21.
 -20. -21. -20. -21. -20. -21. -20. -19. -20. -19. -20. -19. -20. -18.
 -19. -20. -17. -18. -19. -20. -17. -20. -17. -18. -17. -18. -17. -18.
 -19. -16. -17. -18. -19. -16. -17. -18. -19. -16. -17. -19. -16. -17.
 -16. -17. -16. -17. -15. -16. -17. -18. -15. -16. -18. -15. -16. -18.
 -15. -16. -15. -16. -15. -16. -15. -16. -14. -15. -17. -14. -15. -17.
 -14. -15. -14. -15. -14. -15. -14. -15. -14. -16. -14. -16. -13. -14.
 -13. -14. -13. -14. -13. -14. -13. -15. -13. -15. -13. -13. -12. -13.
 -12. -13. -12. -14. -12. -14. -12. -12. -12. -12. -13. -13. -14. -14.
 -14. -11. -13. -12. -13. -12. -13. -12. -12. -12. -11. -11. -11. -11.
  -8.  -8.  -7.  -7.]


DECISION: UPCOMING NEAR ROCK SAMPLE SEEN!
Rover is at  121   51
Mean of rock is at  70   60
Distance from rock  51.78802950489621
Number of possible pixels:  260
Rover velocity  4.8445
Rover direction  Direction.TopRight
steer iter  0
[157. 156. 155. 151. 150. 145. 144. 139. 104. 103. 102. 102. 101. 101.
 100.  99.  99.  98.  98.  98.  97.  97.  96.  96.  95.  95.  94.  94.
  93.  93.  92.  92.  91.  91.  90.  90.  89.  89.  88.  88.  88.  87.
  87.  86.  86.  85.  85.  84.  84.  83.  83.  82.  82.  82.  81.  81.
  81.  80.  80.  80.  80.  80.  79.  79.  79.  79.  78.  78.  78.  77.
  77.  77.  77.  76.  76.  76.  76.  76.  75.  75.  75.  75.  75.  75.
  75.  75.  74.  74.  74.  74.  74.  74.  74.  74.  73.  73.  73.  73.
  73.  73.  73.  73.  73.  72.  72.  72.  72.  72.  72.  72.  71.  71.
  71.  71.  71.  71.  71.  71.  71.  70.  70.  70.  70.  70.  70.  70.
  70.  70.  69.  69.  69.  69.  69.  69.  69.  69.  69.  68.  68.  68.
  68.  68.  68.  68.  68.  68.  67.  67.  67.  67.  67.  67.  67.  66.
  66.  66.  66.  66.  66.  66.  65.  65.  65.  65.  65.  65.  65.  64.
  64.  64.  64.  64.  64.  64.  63.  63.  63.  63.  63.  63.  63.  63.
  62.  62.  62.  62.  62.  62.  62.  61.  61.  61.  61.  61.  61.  61.
  60.  60.  60.  60.  60.  60.  59.  59.  59.  59.  58.  58.  58.  58.
  57.  57.  56.  56.  55.  55.  54.  54.  53.  53.  52.  52.  51.  51.
  50.  50.  49.  49.  48.  47.  47.  46.  45.  44.  44.  43.  43.  42.
  42.  41.  41.  40.  39.  38.  38.  37.  36.  33.  32.  28.  25.  25.
  24.  24.  23.  22.  20.  17.  16.  15.] [129. 128. 127. 124. 123. 119. 118. 114.  84.  85.  85.  84.  84.  83.
  83.  82.  80.  82.  81.  79.  81.  80.  80.  79.  79.  78.  78.  77.
  77.  75.  77.  76.  76.  75.  75.  74.  74.  73.  73.  72.  71.  72.
  70.  71.  69.  71.  70.  70.  69.  69.  68.  68.  67.  66.  69.  67.
  65.  69.  68.  67.  66.  64.  68.  67.  66.  65.  74.  67.  66.  73.
  68.  66.  62.  72.  67.  66.  65.  61.  71.  70.  68.  67.  66.  65.
  64.  60.  70.  69.  67.  66.  65.  64.  63.  59.  69.  68.  67.  66.
  65.  64.  63.  62.  58.  68.  67.  66.  65.  64.  63.  62.  67.  66.
  65.  64.  63.  62.  61.  57.  56.  66.  65.  64.  63.  62.  61.  60.
  56.  55.  65.  64.  63.  62.  61.  60.  59.  55.  54.  64.  63.  62.
  61.  60.  59.  58.  54.  53.  63.  62.  61.  60.  59.  58.  53.  62.
  61.  60.  59.  58.  57.  52.  61.  60.  59.  58.  57.  56.  51.  60.
  59.  58.  57.  56.  55.  50.  61.  59.  58.  57.  56.  55.  54.  49.
  60.  57.  56.  55.  54.  49.  48.  59.  56.  55.  54.  53.  48.  47.
  58.  55.  54.  53.  47.  46.  57.  54.  52.  46.  56.  53.  51.  45.
  55.  44.  54.  43.  53.  42.  52.  42.  51.  41.  50.  40.  49.  39.
  48.  38.  47.  37.  36.  36.  35.  34.  34.  43.  33.  42.  32.  41.
  31.  40.  30.  39.  38.  37.  28.  27.  26.  24.  23.  20.  24.  18.
  23.  17.  22.  21.  14.  12.  14.  13.]
old steer:  7.3659 old vel:  4.8445

-->ACTION TOP: Set steer towards rock and reduce velocity
new steer:  19.3659 new vel:  4.8445
Put Rover in STOP mode!  46
In STOP mode
In STOP mode (2) .. force steer
In STOP mode
In STOP mode (2) .. force steer
In STOP mode
In STOP mode (3) .. set mean steer
Put Rover in Forward mode!  16496
 NEAR SAMPLE ..
 NEAR SAMPLE ..
 NEAR SAMPLE ..
 NEAR SAMPLE ..
 NEAR SAMPLE ..
 NEAR SAMPLE ..
 NEAR SAMPLE ..
 NEAR SAMPLE ..
 NEAR SAMPLE ..
 NEAR SAMPLE ..
 NEAR SAMPLE ..
 NEAR SAMPLE ..
 NEAR SAMPLE ..
 NEAR SAMPLE ..
Put Rover in STOP mode!  2
In STOP mode
In STOP mode (1) .. set zero steer
In STOP mode
In STOP mode (1) .. set zero steer
In STOP mode
In STOP mode (1) .. set zero steer
In STOP mode
In STOP mode (1) .. set zero steer
In STOP mode
In STOP mode (1) .. set zero steer
In STOP mode
In STOP mode (2) .. force steer
In STOP mode
In STOP mode (2) .. force steer
In STOP mode
In STOP mode (2) .. force steer
In STOP mode
In STOP mode (2) .. force steer
In STOP mode
In STOP mode (2) .. force steer
In STOP mode
In STOP mode (2) .. force steer
In STOP mode
In STOP mode (2) .. force steer
In STOP mode
In STOP mode (2) .. force steer
In STOP mode
In STOP mode (2) .. force steer
In STOP mode
In STOP mode (2) .. force steer
In STOP mode
In STOP mode (2) .. force steer
In STOP mode
In STOP mode (2) .. force steer
In STOP mode
In STOP mode (3) .. set mean steer
Put Rover in Forward mode!  11584
Put Rover in STOP mode!  47
In STOP mode
In STOP mode (1) .. set zero steer
In STOP mode
In STOP mode (1) .. set zero steer
In STOP mode
In STOP mode (1) .. set zero steer
In STOP mode
In STOP mode (1) .. set zero steer
In STOP mode
In STOP mode (1) .. set zero steer
In STOP mode
In STOP mode (1) .. set zero steer
In STOP mode
In STOP mode (1) .. set zero steer
In STOP mode
In STOP mode (2) .. force steer
In STOP mode
In STOP mode (2) .. force steer
127.0.0.1 - - [07/Jan/2019 13:48:18] "GET /socket.io/?EIO=4&transport=websocket HTTP/1.1" 200 0 56.794841
^Cwsgi exiting
(16874) wsgi exited, is_accepting=True
DECISION: UPCOMING NEAR ROCK SAMPLE SEEN!
Rover is at  112   50
Mean of rock is at  111   142
Distance from rock  92.00543462209176
Number of possible pixels:  77
Rover velocity  0.9109
Rover direction  Direction.BottomRight
steer iter  0
[127. 126. 126. 125. 125. 124. 124. 124. 123. 123. 123. 123. 122. 122.
 122. 121. 121. 121. 120. 120. 120. 120. 119. 119. 119. 119. 118. 118.
 117. 117. 117. 116. 116. 116. 116. 115. 115. 114. 114. 114. 113. 113.
 112. 112. 112. 111. 111. 110. 110. 109. 109. 108. 108. 108. 107. 106.
 106. 105. 105. 104. 104. 103. 102. 101. 100. 100.  99.  98.  97.  96.
  95.  94.  93.  92.  91.  90.  87.] [160. 160. 159. 158. 157. 160. 157. 156. 160. 159. 156. 155. 159. 158.
 154. 157. 153. 152. 156. 155. 152. 151. 155. 154. 151. 150. 153. 149.
 152. 151. 148. 151. 150. 147. 146. 149. 145. 148. 147. 144. 146. 143.
 145. 142. 141. 144. 140. 142. 139. 141. 138. 140. 137. 136. 135. 137.
 134. 136. 133. 132. 131. 130. 129. 128. 127. 126. 125. 124. 123. 121.
 120. 119. 118. 116. 115. 114. 110.]


DECISION: UPCOMING NEAR ROCK SAMPLE SEEN!
Rover is at  112   50
Mean of rock is at  117   145
Distance from rock  95.13148795220224
Number of possible pixels:  32
Rover velocity  0.9055
Rover direction  Direction.BottomRight
steer iter  0
[129. 128. 127. 127. 126. 126. 125. 124. 123. 123. 122. 122. 121. 120.
 119. 119. 118. 117. 116. 115. 115. 114. 113. 112. 111. 110. 109. 108.
 107. 106. 105. 102.] [160. 159. 158. 157. 157. 156. 155. 154. 153. 152. 152. 151. 150. 149.
 148. 147. 146. 145. 144. 143. 142. 141. 140. 139. 137. 136. 135. 134.
 132. 131. 130. 126.]


DECISION: UPCOMING NEAR ROCK SAMPLE SEEN!
Rover is at  112   50
Mean of rock is at  117   145
Distance from rock  95.13148795220224
Number of possible pixels:  32
Rover velocity  0.9055
Rover direction  Direction.BottomRight
steer iter  0
[129. 128. 127. 127. 126. 126. 125. 124. 123. 123. 122. 122. 121. 120.
 119. 119. 118. 117. 116. 115. 115. 114. 113. 112. 111. 110. 109. 108.
 107. 106. 105. 102.] [160. 159. 158. 157. 157. 156. 155. 154. 153. 152. 152. 151. 150. 149.
 148. 147. 146. 145. 144. 143. 142. 141. 140. 139. 137. 136. 135. 134.
 132. 131. 130. 126.]


DECISION: UPCOMING NEAR ROCK SAMPLE SEEN!
Rover is at  112   50
Mean of rock is at  113   130
Distance from rock  80.00624975587844
Number of possible pixels:  50
Rover velocity  0.8976
Rover direction  Direction.BottomRight
steer iter  0
[138. 137. 136. 135. 132. 131. 130. 127. 126. 125. 124. 122. 122. 121.
 120. 119. 118. 116. 115. 114. 114. 113. 113. 112. 112. 111. 111. 110.
 110. 109. 109. 108. 108. 107. 107. 106. 105. 105. 104. 104. 103. 103.
 102. 102. 101. 101. 100.  99.  98.  97.] [159. 158. 157. 156. 152. 151. 150. 146. 145. 144. 143. 140. 138. 139.
 138. 137. 136. 133. 132. 131. 129. 130. 128. 129. 127. 127. 126. 126.
 125. 125. 124. 124. 123. 123. 122. 121. 120. 119. 119. 118. 118. 117.
 117. 116. 116. 115. 114. 113. 112. 111.]


DECISION: UPCOMING NEAR ROCK SAMPLE SEEN!
Rover is at  112   50
Mean of rock is at  115   133
Distance from rock  83.05419917138447
Number of possible pixels:  104
Rover velocity  0.8923
Rover direction  Direction.BottomRight
steer iter  0
[140. 139. 138. 136. 136. 135. 135. 134. 134. 134. 133. 133. 133. 132.
 132. 132. 131. 131. 130. 130. 129. 129. 128. 128. 128. 127. 127. 127.
 126. 126. 125. 125. 125. 124. 124. 123. 123. 122. 122. 122. 121. 121.
 120. 120. 120. 119. 119. 119. 118. 118. 117. 117. 116. 116. 115. 115.
 115. 114. 114. 114. 113. 113. 113. 112. 112. 111. 111. 110. 110. 109.
 109. 109. 108. 108. 108. 107. 106. 105. 104. 104. 103. 103. 102. 101.
 100.  99.  99.  98.  98.  97.  96.  95.  94.  93.  93.  92.  91.  90.
  89.  87.  86.  85.  82.  81.] [159. 158. 157. 160. 159. 159. 158. 158. 157. 152. 157. 156. 151. 156.
 155. 150. 154. 153. 153. 152. 152. 151. 151. 150. 145. 150. 149. 144.
 148. 143. 147. 146. 142. 146. 145. 145. 144. 144. 143. 138. 142. 137.
 141. 140. 136. 140. 139. 135. 139. 138. 138. 137. 136. 131. 135. 130.
 129. 134. 133. 129. 133. 132. 128. 132. 131. 130. 125. 129. 124. 128.
 127. 123. 127. 126. 122. 125. 124. 123. 122. 121. 121. 120. 119. 118.
 117. 116. 115. 115. 114. 113. 112. 111. 110. 109. 108. 107. 106. 105.
 104. 101. 100.  99.  95.  94.]


DECISION: UPCOMING NEAR ROCK SAMPLE SEEN!
Rover is at  112   50
Mean of rock is at  115   133
Distance from rock  83.05419917138447
Number of possible pixels:  104
Rover velocity  0.8923
Rover direction  Direction.BottomRight
steer iter  0
[140. 139. 138. 136. 136. 135. 135. 134. 134. 134. 133. 133. 133. 132.
 132. 132. 131. 131. 130. 130. 129. 129. 128. 128. 128. 127. 127. 127.
 126. 126. 125. 125. 125. 124. 124. 123. 123. 122. 122. 122. 121. 121.
 120. 120. 120. 119. 119. 119. 118. 118. 117. 117. 116. 116. 115. 115.
 115. 114. 114. 114. 113. 113. 113. 112. 112. 111. 111. 110. 110. 109.
 109. 109. 108. 108. 108. 107. 106. 105. 104. 104. 103. 103. 102. 101.
 100.  99.  99.  98.  98.  97.  96.  95.  94.  93.  93.  92.  91.  90.
  89.  87.  86.  85.  82.  81.] [159. 158. 157. 160. 159. 159. 158. 158. 157. 152. 157. 156. 151. 156.
 155. 150. 154. 153. 153. 152. 152. 151. 151. 150. 145. 150. 149. 144.
 148. 143. 147. 146. 142. 146. 145. 145. 144. 144. 143. 138. 142. 137.
 141. 140. 136. 140. 139. 135. 139. 138. 138. 137. 136. 131. 135. 130.
 129. 134. 133. 129. 133. 132. 128. 132. 131. 130. 125. 129. 124. 128.
 127. 123. 127. 126. 122. 125. 124. 123. 122. 121. 121. 120. 119. 118.
 117. 116. 115. 115. 114. 113. 112. 111. 110. 109. 108. 107. 106. 105.
 104. 101. 100.  99.  95.  94.]


DECISION: UPCOMING NEAR ROCK SAMPLE SEEN!
Rover is at  112   50
Mean of rock is at  114   123
Distance from rock  73.02739212103907
Number of possible pixels:  292
Rover velocity  0.8846
Rover direction  Direction.BottomRight
steer iter  0
[152. 151. 150. 149. 148. 148. 147. 147. 147. 146. 146. 146. 146. 145.
 145. 145. 145. 145. 144. 144. 144. 144. 144. 143. 143. 143. 143. 143.
 143. 142. 142. 142. 142. 142. 142. 141. 141. 141. 141. 141. 141. 140.
 140. 140. 140. 140. 139. 139. 139. 139. 139. 139. 138. 138. 138. 138.
 137. 137. 137. 137. 136. 136. 136. 136. 135. 135. 135. 135. 134. 134.
 134. 134. 133. 133. 133. 133. 132. 132. 132. 132. 132. 131. 131. 131.
 131. 130. 130. 130. 130. 130. 129. 129. 129. 129. 129. 128. 128. 128.
 128. 128. 127. 127. 127. 127. 127. 126. 126. 126. 126. 126. 125. 125.
 125. 125. 125. 124. 124. 124. 124. 124. 123. 123. 123. 123. 123. 122.
 122. 122. 122. 121. 121. 121. 120. 120. 120. 120. 119. 119. 119. 119.
 118. 118. 118. 118. 118. 117. 117. 117. 117. 117. 117. 116. 116. 116.
 116. 116. 115. 115. 115. 115. 115. 114. 114. 114. 114. 113. 113. 113.
 113. 112. 112. 112. 112. 111. 111. 111. 111. 110. 110. 110. 110. 109.
 109. 109. 109. 108. 108. 108. 108. 107. 107. 107. 107. 106. 106. 106.
 106. 105. 105. 105. 105. 105. 104. 104. 104. 104. 104. 103. 103. 103.
 102. 102. 102. 101. 101. 101. 100. 100. 100.  99.  99.  99.  98.  98.
  97.  97.  96.  96.  95.  95.  95.  94.  94.  94.  93.  93.  93.  92.
  92.  92.  91.  91.  90.  90.  89.  88.  88.  87.  87.  86.  86.  86.
  85.  85.  85.  84.  84.  84.  83.  83.  83.  82.  82.  82.  81.  81.
  81.  80.  80.  79.  79.  78.  77.  77.  76.  76.  75.  75.  74.  74.
  73.  73.  72.  71.  71.  70.  70.  69.  69.  68.  67.  66.] [160. 159. 158. 157. 160. 156. 160. 159. 155. 160. 159. 158. 154. 159.
 158. 157. 154. 153. 158. 157. 156. 153. 152. 157. 156. 155. 152. 151.
 150. 156. 155. 154. 151. 150. 149. 155. 154. 153. 150. 149. 148. 154.
 153. 152. 148. 147. 153. 152. 151. 150. 147. 146. 151. 150. 149. 145.
 150. 149. 148. 144. 149. 148. 147. 143. 148. 147. 146. 142. 147. 146.
 145. 141. 146. 145. 144. 140. 145. 144. 143. 140. 139. 143. 142. 139.
 138. 142. 141. 138. 137. 136. 141. 140. 137. 136. 135. 140. 139. 138.
 135. 134. 139. 138. 137. 134. 133. 138. 137. 136. 133. 132. 137. 136.
 135. 132. 131. 136. 135. 134. 131. 130. 135. 134. 133. 130. 129. 133.
 132. 129. 128. 132. 131. 127. 131. 130. 127. 126. 130. 129. 126. 125.
 129. 128. 125. 124. 123. 128. 127. 126. 124. 123. 122. 127. 126. 125.
 122. 121. 126. 125. 124. 121. 120. 124. 123. 120. 119. 123. 122. 119.
 118. 122. 121. 118. 117. 121. 120. 117. 116. 120. 119. 116. 115. 119.
 118. 115. 114. 118. 117. 114. 112. 117. 116. 113. 111. 115. 114. 112.
 110. 114. 113. 111. 110. 109. 113. 112. 110. 109. 108. 112. 111. 108.
 111. 110. 107. 110. 109. 106. 109. 108. 105. 108. 107. 104. 106. 103.
 105. 102. 104. 101. 103. 102. 100. 102. 101.  99. 101. 100.  98. 100.
  99.  97.  99.  98.  98.  97.  96.  95.  92.  94.  91.  93.  92.  90.
  92.  91.  89.  91.  90.  88.  90.  89.  87.  89.  88.  86.  88.  87.
  85.  86.  84.  85.  83.  84.  83.  82.  82.  81.  81.  80.  80.  79.
  79.  78.  77.  76.  75.  75.  74.  74.  73.  73.  72.  71.]


DECISION: UPCOMING NEAR ROCK SAMPLE SEEN!
Rover is at  112   50
Mean of rock is at  113   100
Distance from rock  50.00999900019995
Number of possible pixels:  25
Rover velocity  0.9091
Rover direction  Direction.BottomRight
steer iter  0
[153. 152. 149. 141. 141. 140. 128. 127. 126. 115. 113. 112. 111. 110.
 109. 108. 107. 103.  90.  88.  87.  86.  85.  84.  68.] [139. 138. 135. 129. 126. 128. 114. 113. 112. 102. 100.  99.  98.  97.
  96.  95.  94.  91.  79.  77.  76.  75.  74.  74.  59.]


DECISION: UPCOMING NEAR ROCK SAMPLE SEEN!
Rover is at  113   50
Mean of rock is at  120   83
Distance from rock  33.734255586866
Number of possible pixels:  61
Rover velocity  1.4086
Rover direction  Direction.TopRight
steer iter  0
[160. 159. 157. 156. 153. 152. 150. 149. 147. 146. 143. 142. 140. 139.
 137. 136. 135. 133. 132. 130. 129. 127. 126. 125. 123. 122. 120. 119.
 117. 116. 115. 114. 113. 112. 111. 110. 109. 108. 108. 107. 107. 106.
 106. 105. 105. 104. 103. 102. 101. 101. 100. 100.  99.  99.  98.  98.
  97.  97.  96.  96.  95.] [111. 110. 109. 108. 106. 105. 104. 103. 102. 101.  99.  98.  97.  96.
  95.  94.  93.  92.  91.  90.  89.  88.  87.  86.  85.  84.  83.  82.
  81.  80.  79.  79.  78.  77.  77.  76.  75.  78.  74.  77.  74.  76.
  73.  75.  72.  72.  71.  70.  72.  70.  71.  69.  70.  68.  69.  68.
  68.  67.  68.  66.  68.]
old steer:  15.0 old vel:  1.4086

-->ACTION TOP: Set steer towards rock and reduce velocity
new steer:  3.0 new vel:  1.4086
brake applied


DECISION: UPCOMING NEAR ROCK SAMPLE SEEN!
Rover is at  114   49
Mean of rock is at  127   55
Distance from rock  14.317821063276353
Number of possible pixels:  129
Rover velocity  0.5213
Rover direction  Direction.TopRight
steer iter  0
[160. 160. 160. 159. 159. 159. 159. 158. 158. 158. 158. 157. 157. 157.
 156. 156. 156. 156. 155. 155. 155. 154. 154. 154. 154. 153. 153. 153.
 152. 152. 152. 152. 151. 151. 150. 150. 150. 149. 149. 148. 148. 147.
 147. 147. 146. 146. 145. 145. 145. 144. 143. 143. 143. 142. 141. 141.
 141. 140. 139. 139. 138. 137. 137. 136. 136. 135. 134. 134. 133. 132.
 132. 131. 130. 129. 128. 127. 126. 125. 124. 123. 123. 121. 119. 118.
 117. 116. 114. 112. 110. 108. 107. 106. 106. 105. 104. 103. 103. 102.
 101.  99.  98.  97.  97.  96.  96.  95.  94.  94.  92.  91.  90.  89.
  89.  87.  87.  85.  84.  82.  82.  82.  80.  80.  80.  79.  78.  77.
  76.  75.  74.] [72. 71. 70. 72. 71. 70. 69. 72. 71. 70. 69. 71. 70. 69. 71. 70. 69. 68.
 70. 69. 68. 70. 69. 68. 67. 69. 68. 67. 69. 68. 67. 66. 68. 66. 67. 66.
 65. 67. 65. 66. 65. 66. 65. 64. 65. 64. 65. 64. 63. 63. 64. 63. 62. 62.
 63. 62. 61. 61. 62. 61. 60. 61. 60. 61. 59. 59. 60. 58. 58. 59. 57. 57.
 58. 56. 57. 55. 55. 54. 54. 55. 53. 54. 53. 51. 52. 50. 49. 48. 49. 48.
 46. 47. 44. 45. 43. 44. 43. 42. 42. 41. 41. 43. 40. 41. 40. 39. 40. 39.
 38. 38. 37. 38. 37. 37. 36. 35. 37. 36. 35. 34. 35. 34. 33. 34. 34. 33.
 33. 32. 32.]
old steer:  15.0 old vel:  0.5213

-->ACTION TOP: Set steer towards rock and reduce velocity
new steer:  3.0 new vel:  0.5213
brake applied


DECISION: UPCOMING NEAR ROCK SAMPLE SEEN!
Rover is at  114   49
Mean of rock is at  117   46
Distance from rock  4.242640687119285
Number of possible pixels:  55
Rover velocity  0.3939
Rover direction  Direction.TopRight
steer iter  0
[135. 134. 133. 133. 132. 131. 130. 130. 129. 129. 128. 128. 127. 127.
 127. 126. 126. 125. 125. 124. 124. 123. 123. 122. 122. 121. 121. 120.
 120. 119. 119. 118. 118. 117. 117. 116. 116. 114. 112. 111. 110. 109.
 107. 105. 104. 103. 100.  98.  96.  95.  94.  92.  91.  90.  89.] [54. 54. 54. 53. 53. 53. 53. 52. 52. 47. 52. 51. 52. 51. 46. 51. 50. 51.
 50. 50. 45. 50. 49. 50. 49. 49. 48. 49. 48. 48. 47. 48. 47. 47. 46. 47.
 46. 45. 44. 44. 43. 43. 42. 41. 38. 40. 39. 38. 35. 37. 37. 36. 36. 36.
 36.]


DECISION: UPCOMING NEAR ROCK SAMPLE SEEN!
Rover is at  114   49
Mean of rock is at  133   54
Distance from rock  19.6468827043885
Number of possible pixels:  52
Rover velocity  0.3892
Rover direction  Direction.TopRight
steer iter  0
[160. 159. 158. 158. 157. 156. 155. 154. 153. 153. 152. 151. 150. 149.
 148. 148. 147. 146. 145. 144. 143. 142. 141. 140. 139. 138. 137. 135.
 134. 133. 132. 131. 130. 128. 127. 126. 125. 123. 121. 120. 118. 116.
 113. 111. 108. 106. 104. 101.  99.  94.  91.  89.] [65. 65. 65. 64. 64. 64. 63. 63. 63. 62. 62. 62. 61. 61. 61. 60. 60. 60.
 59. 59. 58. 58. 58. 57. 57. 56. 56. 55. 55. 54. 54. 53. 53. 52. 52. 51.
 51. 50. 49. 49. 48. 47. 46. 45. 44. 43. 42. 41. 40. 38. 37. 36.]
old steer:  15.0 old vel:  0.3892

-->ACTION TOP: Set steer towards rock and reduce velocity
new steer:  3.0 new vel:  0.3892
brake applied


DECISION: UPCOMING NEAR ROCK SAMPLE SEEN!
Rover is at  114   49
Mean of rock is at  133   54
Distance from rock  19.6468827043885
Number of possible pixels:  52
Rover velocity  0.3892
Rover direction  Direction.TopRight
steer iter  10
[160. 159. 158. 158. 157. 156. 155. 154. 153. 153. 152. 151. 150. 149.
 148. 148. 147. 146. 145. 144. 143. 142. 141. 140. 139. 138. 137. 135.
 134. 133. 132. 131. 130. 128. 127. 126. 125. 123. 121. 120. 118. 116.
 113. 111. 108. 106. 104. 101.  99.  94.  91.  89.] [65. 65. 65. 64. 64. 64. 63. 63. 63. 62. 62. 62. 61. 61. 61. 60. 60. 60.
 59. 59. 58. 58. 58. 57. 57. 56. 56. 55. 55. 54. 54. 53. 53. 52. 52. 51.
 51. 50. 49. 49. 48. 47. 46. 45. 44. 43. 42. 41. 40. 38. 37. 36.]
old steer:  15.0 old vel:  0.3892
new steer:  15.0 new vel:  0.3892
brake applied


DECISION: UPCOMING NEAR ROCK SAMPLE SEEN!
Rover is at  114   49
Mean of rock is at  142   49
Distance from rock  28.0
Number of possible pixels:  87
Rover velocity  0.153
Rover direction  Direction.TopRight
steer iter  0
[160. 160. 159. 159. 158. 158. 157. 157. 157. 156. 156. 155. 155. 155.
 155. 154. 154. 154. 154. 153. 153. 153. 152. 152. 152. 151. 151. 151.
 150. 150. 149. 149. 149. 149. 148. 148. 147. 147. 147. 147. 146. 146.
 145. 144. 144. 144. 143. 142. 142. 142. 141. 140. 140. 139. 139. 139.
 138. 137. 137. 136. 136. 135. 134. 134. 134. 133. 133. 132. 132. 131.
 130. 130. 129. 129. 129. 128. 128. 127. 127. 126. 126. 125. 124. 124.
 123. 121. 110.] [55. 54. 55. 54. 55. 54. 55. 54. 53. 54. 53. 58. 54. 53. 52. 54. 53. 52.
 51. 53. 52. 51. 53. 52. 51. 53. 52. 50. 52. 50. 52. 51. 50. 49. 52. 49.
 55. 52. 51. 48. 51. 48. 51. 51. 50. 47. 50. 53. 50. 46. 50. 50. 49. 52.
 49. 45. 49. 49. 48. 49. 48. 48. 50. 48. 43. 48. 47. 49. 47. 47. 48. 47.
 48. 47. 46. 47. 46. 47. 46. 47. 46. 46. 46. 45. 45. 45. 41.]


DECISION: UPCOMING NEAR ROCK SAMPLE SEEN!
Rover is at  114   49
Mean of rock is at  139   43
Distance from rock  25.709920264364882
Number of possible pixels:  146
Rover velocity  0.235
Rover direction  Direction.TopRight
steer iter  0
[160. 160. 160. 160. 159. 159. 159. 159. 158. 158. 158. 158. 157. 157.
 157. 157. 156. 156. 156. 156. 155. 155. 155. 155. 154. 154. 154. 154.
 153. 153. 153. 153. 152. 152. 152. 152. 151. 151. 151. 151. 150. 150.
 150. 149. 149. 149. 149. 148. 148. 148. 148. 147. 147. 147. 146. 146.
 146. 146. 145. 145. 145. 145. 144. 144. 144. 143. 143. 143. 142. 142.
 142. 142. 142. 141. 141. 141. 140. 140. 140. 139. 139. 139. 139. 139.
 138. 138. 138. 138. 137. 137. 137. 137. 136. 136. 136. 135. 135. 135.
 135. 134. 134. 134. 134. 133. 133. 133. 132. 132. 132. 132. 131. 131.
 131. 130. 130. 129. 129. 129. 128. 128. 128. 127. 127. 126. 126. 126.
 125. 125. 125. 124. 124. 123. 123. 122. 122. 120. 119. 116. 113. 110.
 107. 103. 100.  97.  90.  89.] [51. 50. 49. 48. 50. 49. 48. 47. 50. 49. 48. 47. 50. 49. 48. 47. 49. 48.
 47. 46. 49. 48. 47. 46. 49. 48. 47. 46. 48. 47. 46. 45. 48. 47. 46. 45.
 48. 47. 46. 45. 47. 46. 45. 47. 46. 45. 44. 47. 46. 45. 44. 47. 46. 44.
 46. 45. 44. 43. 46. 45. 44. 43. 46. 45. 43. 45. 44. 43. 47. 45. 44. 43.
 42. 45. 44. 42. 46. 44. 42. 46. 44. 43. 42. 41. 45. 44. 43. 41. 45. 44.
 43. 41. 44. 43. 42. 44. 43. 42. 40. 44. 43. 42. 40. 43. 42. 41. 43. 42.
 41. 39. 42. 41. 39. 42. 41. 42. 41. 40. 41. 40. 38. 41. 40. 41. 40. 39.
 40. 39. 37. 40. 39. 39. 38. 39. 38. 37. 37. 36. 35. 34. 33. 32. 31. 30.
 28. 28.]


DECISION: UPCOMING NEAR ROCK SAMPLE SEEN!
Rover is at  114   49
Mean of rock is at  136   42
Distance from rock  23.08679276123039
Number of possible pixels:  49
Rover velocity  0.2485
Rover direction  Direction.TopRight
steer iter  0
[160. 160. 159. 158. 157. 157. 156. 155. 154. 154. 153. 153. 152. 151.
 150. 150. 149. 148. 147. 147. 146. 145. 144. 143. 142. 141. 139. 138.
 136. 135. 134. 133. 132. 131. 129. 128. 126. 125. 122. 119. 116. 113.
 112. 109. 106. 103. 100.  93.  89.] [50. 49. 49. 49. 49. 48. 48. 48. 48. 47. 48. 47. 47. 47. 47. 46. 46. 46.
 46. 45. 45. 45. 45. 44. 44. 44. 43. 43. 42. 42. 42. 41. 41. 41. 40. 40.
 39. 39. 38. 37. 36. 35. 35. 34. 33. 32. 31. 29. 28.]


DECISION: UPCOMING NEAR ROCK SAMPLE SEEN!
Rover is at  114   49
Mean of rock is at  136   42
Distance from rock  23.08679276123039
Number of possible pixels:  49
Rover velocity  0.2485
Rover direction  Direction.TopRight
steer iter  0
[160. 160. 159. 158. 157. 157. 156. 155. 154. 154. 153. 153. 152. 151.
 150. 150. 149. 148. 147. 147. 146. 145. 144. 143. 142. 141. 139. 138.
 136. 135. 134. 133. 132. 131. 129. 128. 126. 125. 122. 119. 116. 113.
 112. 109. 106. 103. 100.  93.  89.] [50. 49. 49. 49. 49. 48. 48. 48. 48. 47. 48. 47. 47. 47. 47. 46. 46. 46.
 46. 45. 45. 45. 45. 44. 44. 44. 43. 43. 42. 42. 42. 41. 41. 41. 40. 40.
 39. 39. 38. 37. 36. 35. 35. 34. 33. 32. 31. 29. 28.]


DECISION: UPCOMING NEAR ROCK SAMPLE SEEN!
Rover is at  115   50
Mean of rock is at  123   15
Distance from rock  35.90264614203248
Number of possible pixels:  47
Rover velocity  1.6398
Rover direction  Direction.TopRight
steer iter  0
[158. 157. 156. 155. 151. 150. 149. 148. 144. 143. 142. 138. 137. 136.
 135. 131. 130. 129. 126. 125. 124. 123. 120. 119. 118. 117. 116. 115.
 114. 113. 113. 112. 112. 111. 111. 110. 110. 109. 109. 108. 107. 105.
  98.  94.  94.  93.  93.] [21. 21. 21. 21. 20. 20. 20. 20. 19. 19. 19. 18. 18. 18. 18. 17. 17. 17.
 16. 16. 16. 16. 15. 15. 15. 15. 14. 14. 14. 14. 13. 14. 13. 13. 12. 13.
 12. 13. 12. 12. 12. 11. 10. 12. 11. 12. 11.]


DECISION: UPCOMING NEAR ROCK SAMPLE SEEN!
Rover is at  115   50
Mean of rock is at  123   15
Distance from rock  35.90264614203248
Number of possible pixels:  47
Rover velocity  1.6398
Rover direction  Direction.TopRight
steer iter  0
[158. 157. 156. 155. 151. 150. 149. 148. 144. 143. 142. 138. 137. 136.
 135. 131. 130. 129. 126. 125. 124. 123. 120. 119. 118. 117. 116. 115.
 114. 113. 113. 112. 112. 111. 111. 110. 110. 109. 109. 108. 107. 105.
  98.  94.  94.  93.  93.] [21. 21. 21. 21. 20. 20. 20. 20. 19. 19. 19. 18. 18. 18. 18. 17. 17. 17.
 16. 16. 16. 16. 15. 15. 15. 15. 14. 14. 14. 14. 13. 14. 13. 13. 12. 13.
 12. 13. 12. 12. 12. 11. 10. 12. 11. 12. 11.]


DECISION: UPCOMING NEAR ROCK SAMPLE SEEN!
Rover is at  115   50
Mean of rock is at  108   3
Distance from rock  47.51841748206689
Number of possible pixels:  21
Rover velocity  1.6946
Rover direction  Direction.TopRight
steer iter  0
[120. 120. 119. 119. 118. 117. 115. 114. 111. 110. 109. 108. 107. 107.
 103. 102. 101. 100.  95.  92.  92.] [6. 5. 6. 5. 5. 5. 4. 4. 1. 1. 1. 1. 3. 1. 2. 2. 2. 2. 2. 4. 1.]
Put Rover in STOP mode!  34
In STOP mode
In STOP mode (1) .. set zero steer
In STOP mode
In STOP mode (1) .. set zero steer
In STOP mode
In STOP mode (1) .. set zero steer
In STOP mode
In STOP mode (1) .. set zero steer
In STOP mode
In STOP mode (2) .. force steer
In STOP mode
In STOP mode (2) .. force steer
In STOP mode
In STOP mode (2) .. force steer
In STOP mode
In STOP mode (2) .. force steer
In STOP mode
In STOP mode (3) .. set mean steer
Put Rover in Forward mode!  14430


DECISION: UPCOMING NEAR ROCK SAMPLE SEEN!
Rover is at  117   51
Mean of rock is at  124   -19
Distance from rock  70.34912934784623
Number of possible pixels:  155
Rover velocity  0.5919
Rover direction  Direction.TopRight
steer iter  0
[160. 160. 160. 160. 159. 159. 159. 158. 158. 158. 157. 157. 156. 156.
 155. 155. 155. 154. 154. 153. 153. 153. 152. 152. 152. 151. 151. 151.
 150. 150. 149. 149. 148. 148. 147. 147. 146. 146. 146. 145. 145. 145.
 144. 144. 144. 143. 143. 142. 142. 141. 141. 140. 140. 139. 139. 139.
 138. 138. 137. 137. 137. 136. 136. 135. 135. 134. 134. 133. 132. 131.
 131. 131. 130. 130. 130. 129. 129. 128. 127. 126. 126. 125. 125. 124.
 124. 124. 123. 123. 123. 122. 121. 120. 120. 119. 119. 118. 118. 117.
 117. 116. 116. 115. 114. 114. 113. 113. 112. 111. 110. 110. 109. 109.
 109. 108. 108. 107. 106. 105. 104. 103. 103. 103. 102. 102. 102. 101.
 100.  99.  98.  97.  97.  96.  95.  95.  94.  93.  92.  91.  90.  89.
  88.  87.  86.  85.  84.  83.  82.  80.  79.  78.  77.  76.  72.  71.
  70.] [-22. -23. -28. -29. -22. -23. -28. -22. -23. -28. -22. -28. -22. -28.
 -22. -28. -29. -22. -27. -21. -22. -27. -21. -22. -27. -21. -22. -27.
 -21. -27. -21. -27. -21. -26. -21. -26. -20. -21. -26. -20. -21. -26.
 -20. -21. -26. -20. -25. -20. -25. -20. -25. -20. -25. -19. -20. -25.
 -19. -20. -19. -20. -24. -19. -24. -19. -24. -19. -24. -19. -19. -18.
 -19. -23. -18. -19. -23. -18. -23. -18. -18. -18. -22. -18. -22. -17.
 -18. -22. -17. -18. -22. -17. -17. -17. -21. -17. -21. -17. -21. -16.
 -17. -16. -17. -16. -16. -20. -16. -20. -16. -16. -15. -16. -15. -16.
 -19. -15. -19. -15. -15. -15. -15. -14. -15. -18. -14. -15. -18. -14.
 -14. -14. -14. -14. -17. -14. -13. -14. -13. -13. -13. -13. -13. -13.
 -12. -12. -12. -12. -12. -12. -12. -11. -11. -11. -11. -11. -10. -10.
 -10.]


DECISION: UPCOMING NEAR ROCK SAMPLE SEEN!
Rover is at  117   51
Mean of rock is at  120   -19
Distance from rock  70.06425622241343
Number of possible pixels:  390
Rover velocity  0.6336
Rover direction  Direction.TopRight
steer iter  0
[160. 160. 160. 160. 160. 159. 159. 159. 159. 159. 158. 158. 158. 157.
 157. 157. 157. 156. 156. 156. 156. 155. 155. 155. 155. 155. 154. 154.
 154. 154. 154. 154. 154. 153. 153. 153. 153. 153. 153. 152. 152. 152.
 152. 152. 151. 151. 151. 151. 150. 150. 150. 150. 149. 149. 149. 149.
 149. 148. 148. 148. 148. 148. 147. 147. 147. 147. 147. 147. 146. 146.
 146. 146. 146. 145. 145. 145. 145. 145. 144. 144. 144. 144. 144. 143.
 143. 143. 143. 143. 142. 142. 142. 142. 142. 141. 141. 141. 141. 141.
 140. 140. 140. 140. 140. 140. 139. 139. 139. 139. 139. 138. 138. 138.
 138. 138. 137. 137. 137. 137. 137. 137. 136. 136. 136. 136. 136. 135.
 135. 135. 135. 135. 135. 134. 134. 134. 134. 134. 133. 133. 133. 133.
 133. 132. 132. 132. 132. 132. 131. 131. 131. 131. 130. 130. 130. 130.
 130. 130. 130. 129. 129. 129. 129. 129. 129. 128. 128. 128. 128. 127.
 127. 127. 127. 126. 126. 126. 126. 126. 125. 125. 125. 125. 125. 124.
 124. 124. 124. 124. 124. 124. 123. 123. 123. 123. 123. 123. 123. 122.
 122. 122. 122. 122. 121. 121. 121. 121. 120. 120. 120. 120. 119. 119.
 119. 119. 118. 118. 118. 118. 118. 118. 117. 117. 117. 117. 117. 117.
 117. 116. 116. 116. 116. 116. 115. 115. 115. 115. 115. 114. 114. 114.
 114. 113. 113. 113. 113. 112. 112. 112. 112. 112. 111. 111. 111. 111.
 111. 111. 110. 110. 110. 110. 110. 109. 109. 109. 109. 109. 108. 108.
 108. 108. 108. 107. 107. 107. 107. 106. 106. 106. 106. 106. 105. 105.
 105. 105. 104. 104. 104. 104. 103. 103. 103. 103. 103. 103. 102. 102.
 102. 102. 102. 101. 101. 101. 101. 101. 100. 100. 100. 100. 100.  99.
  99.  99.  99.  98.  98.  98.  97.  97.  97.  96.  96.  96.  95.  95.
  95.  95.  95.  94.  94.  94.  94.  94.  94.  93.  93.  93.  92.  92.
  91.  91.  91.  90.  90.  90.  89.  89.  89.  88.  88.  88.  88.  87.
  87.  87.  86.  86.  86.  85.  85.  85.  84.  84.  84.  83.  83.  82.
  82.  81.  81.  81.  80.  80.  80.  79.  79.  79.  78.  78.  77.  76.
  76.  75.  75.  74.  74.  73.  72.  71.  70.  69.  65.  64.] [-22. -24. -25. -26. -28. -22. -24. -25. -26. -27. -24. -25. -27. -24.
 -25. -27. -29. -23. -24. -25. -27. -21. -23. -24. -25. -27. -21. -23.
 -24. -25. -26. -27. -28. -21. -23. -24. -25. -26. -28. -21. -23. -24.
 -26. -28. -21. -23. -24. -26. -22. -23. -24. -26. -22. -23. -24. -26.
 -27. -20. -22. -23. -24. -27. -20. -22. -23. -24. -25. -27. -20. -22.
 -23. -25. -27. -20. -22. -23. -25. -26. -20. -22. -23. -25. -26. -21.
 -22. -23. -25. -26. -21. -22. -23. -24. -26. -21. -22. -23. -24. -26.
 -19. -21. -22. -24. -25. -26. -19. -21. -22. -24. -25. -19. -21. -22.
 -24. -25. -19. -20. -21. -22. -24. -25. -20. -21. -22. -23. -25. -20.
 -21. -22. -23. -24. -25. -20. -21. -23. -24. -25. -18. -20. -21. -23.
 -24. -18. -20. -21. -23. -24. -18. -20. -21. -24. -18. -19. -20. -21.
 -22. -23. -24. -19. -20. -21. -22. -23. -24. -19. -20. -22. -23. -19.
 -20. -22. -23. -17. -19. -20. -22. -23. -17. -19. -20. -22. -23. -17.
 -18. -19. -20. -21. -22. -23. -17. -18. -19. -20. -21. -22. -23. -17.
 -18. -19. -21. -22. -18. -19. -21. -22. -18. -19. -21. -22. -18. -19.
 -21. -22. -16. -18. -19. -20. -21. -22. -16. -17. -18. -19. -20. -21.
 -22. -16. -17. -18. -20. -21. -16. -17. -18. -20. -21. -17. -18. -20.
 -21. -17. -18. -20. -21. -17. -18. -19. -20. -21. -16. -17. -18. -19.
 -20. -21. -15. -16. -17. -19. -20. -15. -16. -17. -19. -20. -15. -16.
 -17. -19. -20. -16. -17. -19. -20. -16. -17. -18. -19. -20. -16. -18.
 -19. -20. -15. -16. -18. -19. -14. -15. -16. -18. -19. -20. -14. -15.
 -16. -18. -19. -14. -15. -16. -18. -19. -15. -16. -17. -18. -19. -15.
 -17. -18. -19. -14. -15. -17. -14. -15. -17. -14. -15. -17. -13. -14.
 -15. -17. -18. -13. -14. -15. -16. -17. -18. -13. -14. -16. -14. -16.
 -13. -14. -16. -13. -14. -16. -13. -14. -16. -12. -13. -14. -15. -12.
 -13. -15. -12. -13. -15. -12. -13. -15. -12. -13. -15. -12. -13. -12.
 -14. -11. -12. -14. -11. -12. -14. -11. -12. -14. -11. -12. -11. -11.
 -13. -11. -13. -11. -13. -10. -10. -10. -10. -10.  -9.  -9.]


DECISION: UPCOMING NEAR ROCK SAMPLE SEEN!
Rover is at  117   51
Mean of rock is at  120   -19
Distance from rock  70.06425622241343
Number of possible pixels:  390
Rover velocity  0.6336
Rover direction  Direction.TopRight
steer iter  0
[160. 160. 160. 160. 160. 159. 159. 159. 159. 159. 158. 158. 158. 157.
 157. 157. 157. 156. 156. 156. 156. 155. 155. 155. 155. 155. 154. 154.
 154. 154. 154. 154. 154. 153. 153. 153. 153. 153. 153. 152. 152. 152.
 152. 152. 151. 151. 151. 151. 150. 150. 150. 150. 149. 149. 149. 149.
 149. 148. 148. 148. 148. 148. 147. 147. 147. 147. 147. 147. 146. 146.
 146. 146. 146. 145. 145. 145. 145. 145. 144. 144. 144. 144. 144. 143.
 143. 143. 143. 143. 142. 142. 142. 142. 142. 141. 141. 141. 141. 141.
 140. 140. 140. 140. 140. 140. 139. 139. 139. 139. 139. 138. 138. 138.
 138. 138. 137. 137. 137. 137. 137. 137. 136. 136. 136. 136. 136. 135.
 135. 135. 135. 135. 135. 134. 134. 134. 134. 134. 133. 133. 133. 133.
 133. 132. 132. 132. 132. 132. 131. 131. 131. 131. 130. 130. 130. 130.
 130. 130. 130. 129. 129. 129. 129. 129. 129. 128. 128. 128. 128. 127.
 127. 127. 127. 126. 126. 126. 126. 126. 125. 125. 125. 125. 125. 124.
 124. 124. 124. 124. 124. 124. 123. 123. 123. 123. 123. 123. 123. 122.
 122. 122. 122. 122. 121. 121. 121. 121. 120. 120. 120. 120. 119. 119.
 119. 119. 118. 118. 118. 118. 118. 118. 117. 117. 117. 117. 117. 117.
 117. 116. 116. 116. 116. 116. 115. 115. 115. 115. 115. 114. 114. 114.
 114. 113. 113. 113. 113. 112. 112. 112. 112. 112. 111. 111. 111. 111.
 111. 111. 110. 110. 110. 110. 110. 109. 109. 109. 109. 109. 108. 108.
 108. 108. 108. 107. 107. 107. 107. 106. 106. 106. 106. 106. 105. 105.
 105. 105. 104. 104. 104. 104. 103. 103. 103. 103. 103. 103. 102. 102.
 102. 102. 102. 101. 101. 101. 101. 101. 100. 100. 100. 100. 100.  99.
  99.  99.  99.  98.  98.  98.  97.  97.  97.  96.  96.  96.  95.  95.
  95.  95.  95.  94.  94.  94.  94.  94.  94.  93.  93.  93.  92.  92.
  91.  91.  91.  90.  90.  90.  89.  89.  89.  88.  88.  88.  88.  87.
  87.  87.  86.  86.  86.  85.  85.  85.  84.  84.  84.  83.  83.  82.
  82.  81.  81.  81.  80.  80.  80.  79.  79.  79.  78.  78.  77.  76.
  76.  75.  75.  74.  74.  73.  72.  71.  70.  69.  65.  64.] [-22. -24. -25. -26. -28. -22. -24. -25. -26. -27. -24. -25. -27. -24.
 -25. -27. -29. -23. -24. -25. -27. -21. -23. -24. -25. -27. -21. -23.
 -24. -25. -26. -27. -28. -21. -23. -24. -25. -26. -28. -21. -23. -24.
 -26. -28. -21. -23. -24. -26. -22. -23. -24. -26. -22. -23. -24. -26.
 -27. -20. -22. -23. -24. -27. -20. -22. -23. -24. -25. -27. -20. -22.
 -23. -25. -27. -20. -22. -23. -25. -26. -20. -22. -23. -25. -26. -21.
 -22. -23. -25. -26. -21. -22. -23. -24. -26. -21. -22. -23. -24. -26.
 -19. -21. -22. -24. -25. -26. -19. -21. -22. -24. -25. -19. -21. -22.
 -24. -25. -19. -20. -21. -22. -24. -25. -20. -21. -22. -23. -25. -20.
 -21. -22. -23. -24. -25. -20. -21. -23. -24. -25. -18. -20. -21. -23.
 -24. -18. -20. -21. -23. -24. -18. -20. -21. -24. -18. -19. -20. -21.
 -22. -23. -24. -19. -20. -21. -22. -23. -24. -19. -20. -22. -23. -19.
 -20. -22. -23. -17. -19. -20. -22. -23. -17. -19. -20. -22. -23. -17.
 -18. -19. -20. -21. -22. -23. -17. -18. -19. -20. -21. -22. -23. -17.
 -18. -19. -21. -22. -18. -19. -21. -22. -18. -19. -21. -22. -18. -19.
 -21. -22. -16. -18. -19. -20. -21. -22. -16. -17. -18. -19. -20. -21.
 -22. -16. -17. -18. -20. -21. -16. -17. -18. -20. -21. -17. -18. -20.
 -21. -17. -18. -20. -21. -17. -18. -19. -20. -21. -16. -17. -18. -19.
 -20. -21. -15. -16. -17. -19. -20. -15. -16. -17. -19. -20. -15. -16.
 -17. -19. -20. -16. -17. -19. -20. -16. -17. -18. -19. -20. -16. -18.
 -19. -20. -15. -16. -18. -19. -14. -15. -16. -18. -19. -20. -14. -15.
 -16. -18. -19. -14. -15. -16. -18. -19. -15. -16. -17. -18. -19. -15.
 -17. -18. -19. -14. -15. -17. -14. -15. -17. -14. -15. -17. -13. -14.
 -15. -17. -18. -13. -14. -15. -16. -17. -18. -13. -14. -16. -14. -16.
 -13. -14. -16. -13. -14. -16. -13. -14. -16. -12. -13. -14. -15. -12.
 -13. -15. -12. -13. -15. -12. -13. -15. -12. -13. -15. -12. -13. -12.
 -14. -11. -12. -14. -11. -12. -14. -11. -12. -14. -11. -12. -11. -11.
 -13. -11. -13. -11. -13. -10. -10. -10. -10. -10.  -9.  -9.]


DECISION: UPCOMING NEAR ROCK SAMPLE SEEN!
Rover is at  117   51
Mean of rock is at  111   -17
Distance from rock  68.26419266350405
Number of possible pixels:  172
Rover velocity  0.9325
Rover direction  Direction.TopRight
steer iter  0
[159. 158. 157. 156. 155. 154. 154. 153. 152. 151. 150. 149. 148. 148.
 147. 147. 146. 145. 144. 143. 143. 142. 142. 141. 141. 140. 140. 139.
 138. 137. 137. 136. 136. 135. 135. 134. 134. 133. 132. 132. 131. 131.
 130. 130. 129. 129. 128. 128. 127. 126. 126. 125. 125. 124. 124. 123.
 123. 123. 122. 122. 122. 122. 121. 121. 120. 120. 119. 119. 118. 118.
 118. 117. 117. 117. 117. 116. 116. 116. 116. 115. 115. 115. 114. 114.
 113. 113. 112. 112. 111. 111. 111. 111. 110. 110. 110. 109. 109. 109.
 108. 108. 107. 107. 106. 106. 105. 105. 104. 104. 104. 103. 103. 103.
 102. 102. 101. 101. 100. 100.  99.  99.  98.  98.  97.  97.  96.  96.
  95.  95.  94.  94.  93.  93.  92.  92.  91.  91.  90.  89.  88.  88.
  87.  87.  86.  86.  85.  85.  84.  83.  82.  81.  80.  79.  79.  78.
  77.  76.  75.  74.  74.  73.  73.  71.  70.  69.  67.  66.  65.  64.
  52.  51.  46.  45.] [-25. -25. -25. -25. -25. -24. -25. -24. -24. -24. -24. -24. -23. -24.
 -23. -24. -23. -23. -23. -22. -23. -22. -23. -22. -23. -22. -23. -22.
 -22. -21. -22. -21. -22. -21. -22. -21. -22. -21. -20. -21. -20. -21.
 -20. -21. -20. -21. -20. -21. -20. -19. -20. -19. -20. -19. -20. -18.
 -19. -20. -17. -18. -19. -20. -17. -20. -17. -18. -17. -18. -17. -18.
 -19. -16. -17. -18. -19. -16. -17. -18. -19. -16. -17. -19. -16. -17.
 -16. -17. -16. -17. -15. -16. -17. -18. -15. -16. -18. -15. -16. -18.
 -15. -16. -15. -16. -15. -16. -15. -16. -14. -15. -17. -14. -15. -17.
 -14. -15. -14. -15. -14. -15. -14. -15. -14. -16. -14. -16. -13. -14.
 -13. -14. -13. -14. -13. -14. -13. -15. -13. -15. -13. -13. -12. -13.
 -12. -13. -12. -14. -12. -14. -12. -12. -12. -12. -13. -13. -14. -14.
 -14. -11. -13. -12. -13. -12. -13. -12. -12. -12. -11. -11. -11. -11.
  -8.  -8.  -7.  -7.]


DECISION: UPCOMING NEAR ROCK SAMPLE SEEN!
Rover is at  121   51
Mean of rock is at  70   60
Distance from rock  51.78802950489621
Number of possible pixels:  260
Rover velocity  4.8445
Rover direction  Direction.TopRight
steer iter  0
[157. 156. 155. 151. 150. 145. 144. 139. 104. 103. 102. 102. 101. 101.
 100.  99.  99.  98.  98.  98.  97.  97.  96.  96.  95.  95.  94.  94.
  93.  93.  92.  92.  91.  91.  90.  90.  89.  89.  88.  88.  88.  87.
  87.  86.  86.  85.  85.  84.  84.  83.  83.  82.  82.  82.  81.  81.
  81.  80.  80.  80.  80.  80.  79.  79.  79.  79.  78.  78.  78.  77.
  77.  77.  77.  76.  76.  76.  76.  76.  75.  75.  75.  75.  75.  75.
  75.  75.  74.  74.  74.  74.  74.  74.  74.  74.  73.  73.  73.  73.
  73.  73.  73.  73.  73.  72.  72.  72.  72.  72.  72.  72.  71.  71.
  71.  71.  71.  71.  71.  71.  71.  70.  70.  70.  70.  70.  70.  70.
  70.  70.  69.  69.  69.  69.  69.  69.  69.  69.  69.  68.  68.  68.
  68.  68.  68.  68.  68.  68.  67.  67.  67.  67.  67.  67.  67.  66.
  66.  66.  66.  66.  66.  66.  65.  65.  65.  65.  65.  65.  65.  64.
  64.  64.  64.  64.  64.  64.  63.  63.  63.  63.  63.  63.  63.  63.
  62.  62.  62.  62.  62.  62.  62.  61.  61.  61.  61.  61.  61.  61.
  60.  60.  60.  60.  60.  60.  59.  59.  59.  59.  58.  58.  58.  58.
  57.  57.  56.  56.  55.  55.  54.  54.  53.  53.  52.  52.  51.  51.
  50.  50.  49.  49.  48.  47.  47.  46.  45.  44.  44.  43.  43.  42.
  42.  41.  41.  40.  39.  38.  38.  37.  36.  33.  32.  28.  25.  25.
  24.  24.  23.  22.  20.  17.  16.  15.] [129. 128. 127. 124. 123. 119. 118. 114.  84.  85.  85.  84.  84.  83.
  83.  82.  80.  82.  81.  79.  81.  80.  80.  79.  79.  78.  78.  77.
  77.  75.  77.  76.  76.  75.  75.  74.  74.  73.  73.  72.  71.  72.
  70.  71.  69.  71.  70.  70.  69.  69.  68.  68.  67.  66.  69.  67.
  65.  69.  68.  67.  66.  64.  68.  67.  66.  65.  74.  67.  66.  73.
  68.  66.  62.  72.  67.  66.  65.  61.  71.  70.  68.  67.  66.  65.
  64.  60.  70.  69.  67.  66.  65.  64.  63.  59.  69.  68.  67.  66.
  65.  64.  63.  62.  58.  68.  67.  66.  65.  64.  63.  62.  67.  66.
  65.  64.  63.  62.  61.  57.  56.  66.  65.  64.  63.  62.  61.  60.
  56.  55.  65.  64.  63.  62.  61.  60.  59.  55.  54.  64.  63.  62.
  61.  60.  59.  58.  54.  53.  63.  62.  61.  60.  59.  58.  53.  62.
  61.  60.  59.  58.  57.  52.  61.  60.  59.  58.  57.  56.  51.  60.
  59.  58.  57.  56.  55.  50.  61.  59.  58.  57.  56.  55.  54.  49.
  60.  57.  56.  55.  54.  49.  48.  59.  56.  55.  54.  53.  48.  47.
  58.  55.  54.  53.  47.  46.  57.  54.  52.  46.  56.  53.  51.  45.
  55.  44.  54.  43.  53.  42.  52.  42.  51.  41.  50.  40.  49.  39.
  48.  38.  47.  37.  36.  36.  35.  34.  34.  43.  33.  42.  32.  41.
  31.  40.  30.  39.  38.  37.  28.  27.  26.  24.  23.  20.  24.  18.
  23.  17.  22.  21.  14.  12.  14.  13.]
old steer:  7.3659 old vel:  4.8445

-->ACTION TOP: Set steer towards rock and reduce velocity
new steer:  19.3659 new vel:  4.8445
Put Rover in STOP mode!  46
In STOP mode
In STOP mode (2) .. force steer
In STOP mode
In STOP mode (2) .. force steer
In STOP mode
In STOP mode (3) .. set mean steer
Put Rover in Forward mode!  16496
 NEAR SAMPLE ..
 NEAR SAMPLE ..
 NEAR SAMPLE ..
 NEAR SAMPLE ..
 NEAR SAMPLE ..
 NEAR SAMPLE ..
 NEAR SAMPLE ..
 NEAR SAMPLE ..
 NEAR SAMPLE ..
 NEAR SAMPLE ..
 NEAR SAMPLE ..
 NEAR SAMPLE ..
 NEAR SAMPLE ..
 NEAR SAMPLE ..
Put Rover in STOP mode!  2
In STOP mode
In STOP mode (1) .. set zero steer
In STOP mode
In STOP mode (1) .. set zero steer
In STOP mode
In STOP mode (1) .. set zero steer
In STOP mode
In STOP mode (1) .. set zero steer
In STOP mode
In STOP mode (1) .. set zero steer
In STOP mode
In STOP mode (2) .. force steer
In STOP mode
In STOP mode (2) .. force steer
In STOP mode
In STOP mode (2) .. force steer
In STOP mode
In STOP mode (2) .. force steer
In STOP mode
In STOP mode (2) .. force steer
In STOP mode
In STOP mode (2) .. force steer
In STOP mode
In STOP mode (2) .. force steer
In STOP mode
In STOP mode (2) .. force steer
In STOP mode
In STOP mode (2) .. force steer
In STOP mode
In STOP mode (2) .. force steer
In STOP mode
In STOP mode (2) .. force steer
In STOP mode
In STOP mode (2) .. force steer
In STOP mode
In STOP mode (3) .. set mean steer
Put Rover in Forward mode!  11584
Put Rover in STOP mode!  47
In STOP mode
In STOP mode (1) .. set zero steer
In STOP mode
In STOP mode (1) .. set zero steer
In STOP mode
In STOP mode (1) .. set zero steer
In STOP mode
In STOP mode (1) .. set zero steer
In STOP mode
In STOP mode (1) .. set zero steer
In STOP mode
In STOP mode (1) .. set zero steer
In STOP mode
In STOP mode (1) .. set zero steer
In STOP mode
In STOP mode (2) .. force steer
In STOP mode
In STOP mode (2) .. force steer
127.0.0.1 - - [07/Jan/2019 13:48:18] "GET /socket.io/?EIO=4&transport=websocket HTTP/1.1" 200 0 56.794841
^Cwsgi exiting
(16874) wsgi exited, is_accepting=True


