DECISION: UPCOMING NEAR ROCK SAMPLE SEEN!
Rover is at  83   79
Mean of rock is at  79   -62
Distance from rock  141.05672617780408
Number of possible pixels:  52
Rover velocity  0.8618
Rover direction  Direction.BottomLeft
steer iter  0
[103. 102. 101. 100.  99.  98.  98.  97.  97.  96.  95.  94.  93.  92.
  92.  91.  90.  90.  89.  87.  86.  85.  84.  83.  82.  82.  81.  81.
  80.  79.  78.  77.  77.  76.  75.  72.  72.  71.  71.  70.  68.  67.
  66.  65.  60.  57.  55.  50.  50.  45.  44.  44.] [-84. -83. -82. -81. -80. -79. -80. -78. -79. -78. -77. -76. -75. -72.
 -75. -74. -70. -73. -72. -68. -67. -66. -65. -64. -63. -64. -62. -63.
 -62. -61. -60. -58. -60. -59. -58. -54. -56. -53. -55. -54. -51. -52.
 -51. -50. -46. -46. -42. -38. -39. -34. -33. -34.]
old steer:  0.3853 old vel:  0.8618

-->ACTION BOTTOM: Set steer towards rock and reduce velocity
new steer:  -11.6147 new vel:  0.8618


DECISION: UPCOMING NEAR ROCK SAMPLE SEEN!
Rover is at  83   79
Mean of rock is at  76   -59
Distance from rock  138.1774221788784
Number of possible pixels:  76
Rover velocity  0.8294
Rover direction  Direction.BottomLeft
steer iter  10
[109. 104. 103. 102. 101. 100.  99.  98.  97.  96.  95.  94.  93.  92.
  92.  91.  90.  89.  89.  87.  86.  86.  85.  85.  84.  84.  83.  82.
  82.  81.  81.  80.  80.  80.  79.  79.  78.  78.  77.  77.  76.  76.
  75.  75.  74.  74.  73.  72.  72.  71.  70.  69.  69.  68.  67.  66.
  65.  64.  63.  63.  61.  60.  59.  58.  57.  55.  54.  53.  50.  49.
  49.  48.  48.  46.  45.  44.] [-89. -85. -84. -83. -82. -81. -81. -80. -79. -78. -77. -76. -76. -72.
 -75. -74. -73. -69. -72. -68. -67. -70. -66. -69. -65. -68. -64. -63.
 -64. -62. -63. -61. -62. -65. -60. -61. -59. -60. -59. -60. -58. -59.
 -57. -58. -56. -57. -55. -54. -56. -55. -54. -52. -53. -51. -52. -51.
 -50. -49. -48. -51. -47. -46. -45. -44. -46. -42. -41. -40. -38. -37.
 -38. -36. -37. -34. -34. -34.]
old steer:  3.6644 old vel:  0.8294
new steer:  3.6644 new vel:  0.8294


DECISION: UPCOMING NEAR ROCK SAMPLE SEEN!
Rover is at  83   79
Mean of rock is at  87   -70
Distance from rock  149.05368160498418
Number of possible pixels:  75
Rover velocity  0.8154
Rover direction  Direction.BottomLeft
steer iter  9
[126. 125. 124. 121. 120. 119. 118. 117. 116. 115. 115. 114. 113. 112.
 111. 110. 110. 109. 109. 108. 107. 106. 105. 104. 104. 103. 102. 101.
 100.  99.  98.  98.  97.  96.  95.  93.  93.  92.  91.  91.  90.  90.
  88.  86.  85.  84.  83.  83.  81.  81.  79.  78.  77.  76.  72.  67.
  66.  62.  61.  58.  57.  57.  56.  55.  52.  51.  50.  50.  49.  49.
  47.  46.  45.  45.  42.] [-104. -103. -102. -100.  -99.  -98.  -97.  -96.  -95.  -94.  -95.  -94.
  -93.  -92.  -91.  -90.  -91.  -89.  -90.  -88.  -88.  -87.  -86.  -85.
  -86.  -84.  -83.  -82.  -82.  -81.  -80.  -81.  -79.  -78.  -77.  -76.
  -77.  -75.  -71.  -74.  -70.  -73.  -73.  -67.  -66.  -65.  -64.  -69.
  -62.  -63.  -61.  -60.  -60.  -59.  -56.  -52.  -51.  -48.  -47.  -46.
  -44.  -45.  -44.  -42.  -40.  -39.  -38.  -39.  -37.  -39.  -36.  -35.
  -34.  -35.  -33.]
old steer:  -11.6147 old vel:  0.8154
new steer:  -11.6147 new vel:  0.8154


DECISION: UPCOMING NEAR ROCK SAMPLE SEEN!
Rover is at  83   79
Mean of rock is at  87   -70
Distance from rock  149.05368160498418
Number of possible pixels:  75
Rover velocity  0.8154
Rover direction  Direction.BottomLeft
steer iter  8
[126. 125. 124. 121. 120. 119. 118. 117. 116. 115. 115. 114. 113. 112.
 111. 110. 110. 109. 109. 108. 107. 106. 105. 104. 104. 103. 102. 101.
 100.  99.  98.  98.  97.  96.  95.  93.  93.  92.  91.  91.  90.  90.
  88.  86.  85.  84.  83.  83.  81.  81.  79.  78.  77.  76.  72.  67.
  66.  62.  61.  58.  57.  57.  56.  55.  52.  51.  50.  50.  49.  49.
  47.  46.  45.  45.  42.] [-104. -103. -102. -100.  -99.  -98.  -97.  -96.  -95.  -94.  -95.  -94.
  -93.  -92.  -91.  -90.  -91.  -89.  -90.  -88.  -88.  -87.  -86.  -85.
  -86.  -84.  -83.  -82.  -82.  -81.  -80.  -81.  -79.  -78.  -77.  -76.
  -77.  -75.  -71.  -74.  -70.  -73.  -73.  -67.  -66.  -65.  -64.  -69.
  -62.  -63.  -61.  -60.  -60.  -59.  -56.  -52.  -51.  -48.  -47.  -46.
  -44.  -45.  -44.  -42.  -40.  -39.  -38.  -39.  -37.  -39.  -36.  -35.
  -34.  -35.  -33.]
old steer:  -11.6147 old vel:  0.8154
new steer:  -11.6147 new vel:  0.8154


DECISION: UPCOMING NEAR ROCK SAMPLE SEEN!
Rover is at  81   78
Mean of rock is at  86   -32
Distance from rock  110.11357772772621
Number of possible pixels:  89
Rover velocity  0.6847
Rover direction  Direction.TopLeft
steer iter  7
[126. 123. 121. 119. 118. 117. 116. 115. 115. 114. 113. 112. 111. 110.
 110. 109. 108. 107. 107. 106. 105. 104. 104. 104. 103. 102. 102. 101.
 100.  99.  99.  98.  97.  97.  96.  96.  95.  95.  94.  94.  94.  93.
  93.  92.  92.  92.  91.  91.  90.  90.  89.  89.  89.  88.  88.  87.
  87.  87.  86.  85.  83.  82.  82.  79.  77.  74.  71.  68.  66.  63.
  60.  59.  57.  57.  55.  54.  54.  52.  52.  49.  48.  47.  46.  45.
  43.  42.  40.  40.  38.] [-47. -46. -45. -44. -44. -43. -43. -42. -43. -42. -42. -41. -41. -40.
 -41. -40. -40. -39. -40. -39. -39. -38. -39. -40. -38. -38. -39. -37.
 -37. -37. -38. -36. -36. -37. -35. -36. -35. -36. -34. -35. -36. -34.
 -35. -33. -34. -35. -33. -34. -33. -34. -32. -33. -34. -32. -33. -31.
 -32. -33. -32. -32. -31. -29. -31. -28. -27. -26. -25. -24. -23. -22.
 -21. -23. -20. -22. -19. -19. -21. -18. -20. -17. -14. -18. -16. -17.
 -15. -16. -14. -15. -14.]


DECISION: UPCOMING NEAR ROCK SAMPLE SEEN!
Rover is at  81   78
Mean of rock is at  86   -30
Distance from rock  108.11567878897121
Number of possible pixels:  67
Rover velocity  0.6757
Rover direction  Direction.TopLeft
steer iter  7
[157. 150. 120. 117. 115. 114. 112. 110. 109. 108. 107. 106. 104. 103.
 103. 102. 101. 100.  99.  98.  98.  97.  96.  96.  96.  95.  95.  94.
  94.  94.  93.  92.  92.  91.  91.  91.  90.  89.  89.  89.  88.  87.
  85.  75.  72.  72.  69.  69.  67.  66.  64.  63.  62.  61.  61.  60.
  59.  58.  57.  56.  54.  51.  48.  45.  43.  41.  40.] [-43. -41. -48. -47. -46. -46. -45. -45. -44. -37. -43. -36. -42. -35.
 -42. -41. -34. -34. -40. -33. -40. -33. -33. -34. -39. -32. -33. -32.
 -33. -38. -32. -31. -32. -31. -32. -37. -31. -30. -31. -36. -30. -30.
 -29. -27. -23. -26. -22. -25. -24. -21. -23. -20. -22. -19. -22. -19.
 -21. -18. -18. -20. -17. -16. -15. -14. -14. -14. -13.]


DECISION: UPCOMING NEAR ROCK SAMPLE SEEN!
Rover is at  81   78
Mean of rock is at  86   -30
Distance from rock  108.11567878897121
Number of possible pixels:  67
Rover velocity  0.6757
Rover direction  Direction.TopLeft
steer iter  7
[157. 150. 120. 117. 115. 114. 112. 110. 109. 108. 107. 106. 104. 103.
 103. 102. 101. 100.  99.  98.  98.  97.  96.  96.  96.  95.  95.  94.
  94.  94.  93.  92.  92.  91.  91.  91.  90.  89.  89.  89.  88.  87.
  85.  75.  72.  72.  69.  69.  67.  66.  64.  63.  62.  61.  61.  60.
  59.  58.  57.  56.  54.  51.  48.  45.  43.  41.  40.] [-43. -41. -48. -47. -46. -46. -45. -45. -44. -37. -43. -36. -42. -35.
 -42. -41. -34. -34. -40. -33. -40. -33. -33. -34. -39. -32. -33. -32.
 -33. -38. -32. -31. -32. -31. -32. -37. -31. -30. -31. -36. -30. -30.
 -29. -27. -23. -26. -22. -25. -24. -21. -23. -20. -22. -19. -22. -19.
 -21. -18. -18. -20. -17. -16. -15. -14. -14. -14. -13.]


DECISION: UPCOMING NEAR ROCK SAMPLE SEEN!
Rover is at  81   78
Mean of rock is at  75   -18
Distance from rock  96.18731725128839
Number of possible pixels:  106
Rover velocity  0.653
Rover direction  Direction.TopLeft
steer iter  7
[115. 111. 110. 108. 107. 106. 105. 104. 103. 102. 101. 101. 100. 100.
  99.  98.  98.  97.  97.  96.  96.  95.  95.  94.  93.  93.  92.  92.
  91.  91.  90.  90.  89.  89.  88.  88.  87.  87.  86.  86.  85.  85.
  85.  84.  84.  83.  83.  82.  81.  80.  80.  79.  78.  77.  76.  76.
  75.  74.  74.  73.  72.  72.  70.  70.  69.  68.  66.  66.  65.  64.
  63.  63.  62.  61.  60.  59.  59.  59.  58.  58.  57.  56.  56.  55.
  54.  54.  53.  53.  52.  52.  51.  50.  49.  48.  47.  46.  45.  45.
  43.  43.  42.  42.  42.  41.  41.  39.] [-29. -28. -28. -27. -27. -27. -27. -26. -26. -26. -25. -26. -25. -26.
 -25. -24. -25. -24. -25. -24. -25. -24. -25. -24. -23. -24. -23. -24.
 -23. -24. -21. -23. -21. -23. -20. -23. -20. -23. -20. -22. -19. -20.
 -22. -19. -22. -19. -22. -19. -19. -18. -21. -18. -18. -18. -18. -20.
 -17. -17. -20. -17. -17. -19. -16. -19. -16. -16. -15. -18. -15. -13.
 -13. -17. -14. -14. -16. -12. -13. -16. -12. -13. -12. -12. -15. -12.
 -11. -12. -11. -12. -11. -14. -11. -11. -11. -12. -10. -10. -10. -12.
  -9. -11.  -9. -10. -11.  -9. -10. -10.]


DECISION: UPCOMING NEAR ROCK SAMPLE SEEN!
Rover is at  81   78
Mean of rock is at  75   -18
Distance from rock  96.18731725128839
Number of possible pixels:  106
Rover velocity  0.653
Rover direction  Direction.TopLeft
steer iter  7
[115. 111. 110. 108. 107. 106. 105. 104. 103. 102. 101. 101. 100. 100.
  99.  98.  98.  97.  97.  96.  96.  95.  95.  94.  93.  93.  92.  92.
  91.  91.  90.  90.  89.  89.  88.  88.  87.  87.  86.  86.  85.  85.
  85.  84.  84.  83.  83.  82.  81.  80.  80.  79.  78.  77.  76.  76.
  75.  74.  74.  73.  72.  72.  70.  70.  69.  68.  66.  66.  65.  64.
  63.  63.  62.  61.  60.  59.  59.  59.  58.  58.  57.  56.  56.  55.
  54.  54.  53.  53.  52.  52.  51.  50.  49.  48.  47.  46.  45.  45.
  43.  43.  42.  42.  42.  41.  41.  39.] [-29. -28. -28. -27. -27. -27. -27. -26. -26. -26. -25. -26. -25. -26.
 -25. -24. -25. -24. -25. -24. -25. -24. -25. -24. -23. -24. -23. -24.
 -23. -24. -21. -23. -21. -23. -20. -23. -20. -23. -20. -22. -19. -20.
 -22. -19. -22. -19. -22. -19. -19. -18. -21. -18. -18. -18. -18. -20.
 -17. -17. -20. -17. -17. -19. -16. -19. -16. -16. -15. -18. -15. -13.
 -13. -17. -14. -14. -16. -12. -13. -16. -12. -13. -12. -12. -15. -12.
 -11. -12. -11. -12. -11. -14. -11. -11. -11. -12. -10. -10. -10. -12.
  -9. -11.  -9. -10. -11.  -9. -10. -10.]


DECISION: UPCOMING NEAR ROCK SAMPLE SEEN!
Rover is at  81   78
Mean of rock is at  73   -15
Distance from rock  93.34345183246653
Number of possible pixels:  105
Rover velocity  0.6445
Rover direction  Direction.TopLeft
steer iter  7
[113. 109. 108. 107. 105. 104. 103. 102. 100. 100.  99.  99.  98.  98.
  97.  97.  97.  96.  96.  95.  94.  93.  92.  91.  91.  90.  88.  87.
  87.  86.  86.  85.  83.  82.  82.  81.  80.  79.  78.  78.  77.  77.
  77.  76.  76.  75.  75.  75.  74.  74.  73.  73.  72.  72.  71.  71.
  70.  70.  70.  69.  69.  68.  67.  67.  66.  66.  65.  65.  65.  64.
  64.  63.  63.  62.  62.  62.  61.  60.  60.  59.  59.  58.  58.  57.
  56.  55.  55.  54.  54.  53.  52.  51.  50.  49.  48.  47.  47.  46.
  44.  43.  43.  40.  39.  38.  38.] [-25. -24. -24. -24. -23. -23. -23. -23. -21. -22. -21. -22. -21. -22.
 -20. -21. -22. -20. -21. -21. -21. -21. -21. -18. -21. -18. -20. -17.
 -20. -17. -20. -17. -19. -16. -19. -16. -16. -19. -18. -19. -15. -18.
 -19. -15. -18. -14. -15. -18. -17. -18. -17. -18. -14. -17. -14. -17.
 -13. -14. -17. -16. -17. -16. -13. -16. -13. -16. -12. -15. -16. -12.
 -15. -12. -15. -11. -12. -15. -11. -11. -14. -11. -14. -11. -14. -11.
 -10. -10. -13. -10. -13. -10.  -9. -12. -12.  -9.  -9.  -9. -11. -11.
  -8.  -8.  -9.  -7.  -7.  -7.  -8.]


DECISION: UPCOMING NEAR ROCK SAMPLE SEEN!
Rover is at  81   78
Mean of rock is at  86   -16
Distance from rock  94.13288479590966
Number of possible pixels:  122
Rover velocity  0.6411
Rover direction  Direction.TopLeft
steer iter  7
[160. 159. 158. 157. 156. 155. 155. 154. 153. 152. 151. 150. 149. 147.
 146. 145. 144. 143. 138. 137. 136. 130. 107. 106. 106. 105. 104. 103.
 102. 102. 101. 101. 100.  99.  98.  98.  97.  97.  97.  96.  96.  96.
  95.  95.  94.  94.  93.  93.  92.  92.  91.  91.  91.  90.  88.  87.
  84.  83.  82.  80.  79.  78.  78.  77.  75.  75.  74.  74.  74.  73.
  73.  72.  71.  70.  69.  69.  68.  68.  67.  66.  65.  64.  64.  63.
  63.  62.  62.  61.  60.  60.  59.  59.  58.  57.  57.  56.  56.  55.
  55.  54.  54.  52.  52.  51.  51.  50.  50.  49.  47.  46.  46.  45.
  44.  43.  43.  42.  42.  41.  40.  40.  39.  38.] [-24. -24. -24. -24. -24. -23. -24. -23. -23. -23. -23. -23. -23. -22.
 -22. -22. -22. -22. -21. -21. -21. -20. -24. -23. -24. -23. -23. -23.
 -22. -23. -22. -23. -22. -22. -21. -22. -20. -21. -22. -20. -21. -22.
 -20. -21. -20. -21. -20. -21. -20. -21. -19. -20. -21. -20. -20. -20.
 -16. -19. -19. -15. -15. -15. -18. -19. -14. -18. -14. -17. -18. -14.
 -17. -17. -17. -17. -13. -16. -13. -16. -16. -16. -15. -12. -15. -12.
 -15. -12. -15. -14. -11. -14. -10. -14. -14. -11. -13. -10. -13. -10.
 -13.  -9. -13. -10. -12.  -9. -12.  -9. -12.  -9.  -9.  -8. -11.  -8.
  -8.  -8.  -9.  -8.  -9.  -7.  -7.  -8.  -8.  -8.]


DECISION: UPCOMING NEAR ROCK SAMPLE SEEN!
Rover is at  81   78
Mean of rock is at  86   -16
Distance from rock  94.13288479590966
Number of possible pixels:  122
Rover velocity  0.6411
Rover direction  Direction.TopLeft
steer iter  7
[160. 159. 158. 157. 156. 155. 155. 154. 153. 152. 151. 150. 149. 147.
 146. 145. 144. 143. 138. 137. 136. 130. 107. 106. 106. 105. 104. 103.
 102. 102. 101. 101. 100.  99.  98.  98.  97.  97.  97.  96.  96.  96.
  95.  95.  94.  94.  93.  93.  92.  92.  91.  91.  91.  90.  88.  87.
  84.  83.  82.  80.  79.  78.  78.  77.  75.  75.  74.  74.  74.  73.
  73.  72.  71.  70.  69.  69.  68.  68.  67.  66.  65.  64.  64.  63.
  63.  62.  62.  61.  60.  60.  59.  59.  58.  57.  57.  56.  56.  55.
  55.  54.  54.  52.  52.  51.  51.  50.  50.  49.  47.  46.  46.  45.
  44.  43.  43.  42.  42.  41.  40.  40.  39.  38.] [-24. -24. -24. -24. -24. -23. -24. -23. -23. -23. -23. -23. -23. -22.
 -22. -22. -22. -22. -21. -21. -21. -20. -24. -23. -24. -23. -23. -23.
 -22. -23. -22. -23. -22. -22. -21. -22. -20. -21. -22. -20. -21. -22.
 -20. -21. -20. -21. -20. -21. -20. -21. -19. -20. -21. -20. -20. -20.
 -16. -19. -19. -15. -15. -15. -18. -19. -14. -18. -14. -17. -18. -14.
 -17. -17. -17. -17. -13. -16. -13. -16. -16. -16. -15. -12. -15. -12.
 -15. -12. -15. -14. -11. -14. -10. -14. -14. -11. -13. -10. -13. -10.
 -13.  -9. -13. -10. -12.  -9. -12.  -9. -12.  -9.  -9.  -8. -11.  -8.
  -8.  -8.  -9.  -8.  -9.  -7.  -7.  -8.  -8.  -8.]


DECISION: UPCOMING NEAR ROCK SAMPLE SEEN!
Rover is at  80   78
Mean of rock is at  72   7
Distance from rock  71.449282711585
Number of possible pixels:  82
Rover velocity  0.5723
Rover direction  Direction.TopLeft
steer iter  7
[114. 105. 104. 101.  96.  95.  94.  93.  92.  91.  90.  89.  88.  88.
  87.  87.  86.  86.  85.  84.  84.  83.  83.  82.  82.  81.  81.  80.
  80.  79.  79.  78.  78.  77.  77.  76.  75.  74.  74.  73.  73.  73.
  72.  72.  71.  71.  70.  70.  69.  69.  68.  67.  67.  66.  66.  65.
  65.  64.  64.  63.  62.  62.  61.  61.  60.  60.  59.  58.  57.  56.
  54.  53.  52.  51.  50.  49.  48.  42.  41.  40.  31.  30.] [12. 11. 11.  9. 10. 10. 10. 10. 10. 10. 10. 10. 10.  9. 10.  9. 10.  9.
  9.  9.  8.  9.  8.  9.  8.  9.  8.  9.  8.  9.  8.  9.  8.  9.  8.  8.
  8.  8.  6.  8.  7.  6.  8.  7.  8.  7.  8.  7.  8.  7.  7.  7.  5.  7.
  5.  7.  5.  7.  5.  7.  7.  4.  7.  4.  7.  4.  4.  4.  4.  4.  6.  6.
  6.  6.  6.  6.  6.  5.  5.  5.  3.  2.]


DECISION: UPCOMING NEAR ROCK SAMPLE SEEN!
Rover is at  80   78
Mean of rock is at  72   7
Distance from rock  71.449282711585
Number of possible pixels:  82
Rover velocity  0.5723
Rover direction  Direction.TopLeft
steer iter  7
[114. 105. 104. 101.  96.  95.  94.  93.  92.  91.  90.  89.  88.  88.
  87.  87.  86.  86.  85.  84.  84.  83.  83.  82.  82.  81.  81.  80.
  80.  79.  79.  78.  78.  77.  77.  76.  75.  74.  74.  73.  73.  73.
  72.  72.  71.  71.  70.  70.  69.  69.  68.  67.  67.  66.  66.  65.
  65.  64.  64.  63.  62.  62.  61.  61.  60.  60.  59.  58.  57.  56.
  54.  53.  52.  51.  50.  49.  48.  42.  41.  40.  31.  30.] [12. 11. 11.  9. 10. 10. 10. 10. 10. 10. 10. 10. 10.  9. 10.  9. 10.  9.
  9.  9.  8.  9.  8.  9.  8.  9.  8.  9.  8.  9.  8.  9.  8.  9.  8.  8.
  8.  8.  6.  8.  7.  6.  8.  7.  8.  7.  8.  7.  8.  7.  7.  7.  5.  7.
  5.  7.  5.  7.  5.  7.  7.  4.  7.  4.  7.  4.  4.  4.  4.  4.  6.  6.
  6.  6.  6.  6.  6.  5.  5.  5.  3.  2.]


DECISION: UPCOMING NEAR ROCK SAMPLE SEEN!
Rover is at  80   78
Mean of rock is at  77   7
Distance from rock  71.06335201775947
Number of possible pixels:  90
Rover velocity  0.5685
Rover direction  Direction.TopLeft
steer iter  7
[157. 156. 155. 154. 115. 114. 109. 108. 100.  99.  98.  91.  90.  90.
  89.  89.  88.  88.  87.  86.  83.  83.  82.  82.  81.  81.  80.  80.
  79.  79.  78.  78.  78.  77.  77.  77.  76.  76.  76.  75.  75.  75.
  75.  74.  74.  74.  74.  73.  73.  73.  72.  72.  72.  71.  71.  71.
  70.  70.  70.  69.  69.  69.  68.  68.  68.  67.  67.  67.  66.  66.
  66.  65.  65.  64.  60.  59.  58.  58.  57.  57.  56.  56.  55.  50.
  49.  47.  46.  45.  44.  43.] [ 5.  5.  5.  5. 12. 12. 11. 11. 10. 10. 11.  9. 10.  9. 10.  9. 10.  9.
  9.  9.  9.  8.  9.  8.  9.  8.  9.  8.  9.  8.  9.  8.  7.  9.  8.  7.
  9.  8.  7.  9.  8.  7.  6.  9.  8.  7.  6.  8.  7.  6.  8.  7.  6.  8.
  7.  6.  8.  7.  6.  8.  7.  6.  7.  6.  5.  7.  6.  5.  7.  6.  5.  8.
  6.  6.  4.  4.  7.  4.  7.  4.  7.  4.  4.  6.  6.  3.  3.  3.  3.  3.]


DECISION: UPCOMING NEAR ROCK SAMPLE SEEN!
Rover is at  79   78
Mean of rock is at  75   14
Distance from rock  64.1248781675256
Number of possible pixels:  91
Rover velocity  0.5573
Rover direction  Direction.TopLeft
steer iter  7
[160. 156. 152. 148. 144. 141. 140. 137. 133. 129. 125. 122. 113. 111.
  84.  83.  83.  83.  82.  82.  82.  82.  81.  80.  80.  79.  78.  78.
  78.  77.  77.  77.  77.  76.  75.  75.  74.  74.  73.  73.  73.  72.
  72.  72.  72.  71.  71.  71.  70.  70.  69.  69.  68.  68.  68.  67.
  67.  66.  66.  65.  64.  63.  62.  62.  61.  61.  59.  58.  57.  56.
  56.  55.  52.  52.  51.  50.  49.  48.  47.  47.  45.  45.  44.  43.
  42.  40.  39.  37.  35.  34.  30.] [39. 38. 37. 36. 35. 34. 34. 33. 32. 31. 30. 29. 26. 25. 15. 16. 15. 14.
 17. 16. 15. 14. 15. 15. 13. 15. 15. 14. 13. 16. 15. 14. 13. 14. 14. 12.
 14. 12. 14. 13. 12. 15. 14. 13. 12. 14. 13. 12. 13. 11. 13. 11. 13. 12.
 11. 13. 12. 13. 10. 11. 11. 11. 12.  9. 12.  9.  8.  8.  8. 11.  8.  8.
 10.  7.  7.  7.  7.  7.  9.  7.  9.  6.  6.  6.  6.  8.  8.  5.  7.  7.
  6.]


DECISION: UPCOMING NEAR ROCK SAMPLE SEEN!
Rover is at  79   78
Mean of rock is at  75   14
Distance from rock  64.1248781675256
Number of possible pixels:  91
Rover velocity  0.5573
Rover direction  Direction.TopLeft
steer iter  7
[160. 156. 152. 148. 144. 141. 140. 137. 133. 129. 125. 122. 113. 111.
  84.  83.  83.  83.  82.  82.  82.  82.  81.  80.  80.  79.  78.  78.
  78.  77.  77.  77.  77.  76.  75.  75.  74.  74.  73.  73.  73.  72.
  72.  72.  72.  71.  71.  71.  70.  70.  69.  69.  68.  68.  68.  67.
  67.  66.  66.  65.  64.  63.  62.  62.  61.  61.  59.  58.  57.  56.
  56.  55.  52.  52.  51.  50.  49.  48.  47.  47.  45.  45.  44.  43.
  42.  40.  39.  37.  35.  34.  30.] [39. 38. 37. 36. 35. 34. 34. 33. 32. 31. 30. 29. 26. 25. 15. 16. 15. 14.
 17. 16. 15. 14. 15. 15. 13. 15. 15. 14. 13. 16. 15. 14. 13. 14. 14. 12.
 14. 12. 14. 13. 12. 15. 14. 13. 12. 14. 13. 12. 13. 11. 13. 11. 13. 12.
 11. 13. 12. 13. 10. 11. 11. 11. 12.  9. 12.  9.  8.  8.  8. 11.  8.  8.
 10.  7.  7.  7.  7.  7.  9.  7.  9.  6.  6.  6.  6.  8.  8.  5.  7.  7.
  6.]


DECISION: UPCOMING NEAR ROCK SAMPLE SEEN!
Rover is at  79   78
Mean of rock is at  124   74
Distance from rock  45.17742799230607
Number of possible pixels:  101
Rover velocity  0.5003
Rover direction  Direction.TopLeft
steer iter  7
[160. 160. 159. 159. 159. 158. 158. 157. 157. 156. 156. 156. 155. 155.
 154. 154. 153. 153. 152. 152. 151. 151. 151. 150. 150. 149. 149. 148.
 148. 147. 147. 146. 146. 145. 145. 144. 144. 143. 143. 142. 142. 141.
 141. 140. 140. 139. 139. 138. 137. 137. 136. 136. 135. 135. 134. 134.
 133. 132. 132. 131. 131. 130. 129. 129. 128. 127. 127. 126. 126. 125.
 124. 124. 123. 122. 121. 121. 120. 119. 118. 117. 116. 115. 114. 112.
 109.  59.  57.  54.  52.  50.  45.  44.  44.  43.  42.  41.  39.  36.
  30.  22.  19.] [97. 96. 97. 96. 95. 96. 95. 95. 94. 95. 94. 93. 94. 93. 93. 92. 93. 92.
 92. 91. 92. 91. 90. 91. 90. 90. 89. 90. 89. 89. 88. 88. 87. 88. 87. 87.
 86. 87. 86. 86. 85. 85. 84. 85. 84. 84. 83. 83. 83. 82. 82. 81. 82. 81.
 81. 80. 80. 80. 79. 79. 78. 78. 78. 77. 77. 77. 76. 76. 75. 75. 75. 74.
 74. 73. 73. 72. 72. 71. 71. 70. 69. 69. 68. 67. 65. 35. 34. 32. 30. 29.
 26. 28. 25. 27. 24. 23. 22. 20. 19. 12. 11.]


DECISION: UPCOMING NEAR ROCK SAMPLE SEEN!
Rover is at  78   78
Mean of rock is at  104   72
Distance from rock  26.68332812825267
Number of possible pixels:  100
Rover velocity  0.491
Rover direction  Direction.TopLeft
steer iter  7
[160. 160. 159. 159. 158. 158. 157. 157. 157. 156. 156. 155. 155. 154.
 153. 153. 152. 152. 151. 151. 150. 150. 149. 149. 148. 147. 146. 146.
 145. 144. 143. 142. 141. 140. 139. 138. 137. 135. 134. 131. 128. 127.
 124. 122. 121. 119. 117. 116. 115. 114. 113. 112. 111. 110. 109. 108.
 106. 105. 103. 102. 100.  99.  97.  96.  93.  90.  87.  86.  83.  80.
  77.  73.  70.  67.  51.  48.  47.  47.  47.  46.  45.  45.  44.  44.
  44.  44.  43.  42.  42.  41.  40.  39.  38.  37.  33.  31.  30.  30.
  27.  22.] [112. 111. 111. 110. 110. 109. 129. 110. 109. 109. 108. 108. 107. 107.
 107. 106. 106. 105. 124. 105. 105. 104. 104. 103. 103. 102. 102. 101.
 101. 100.  99.  99.  98.  97.  97.  96.  95.  94.  93.  91.  89.  88.
  86.  83.  84.  81.  81.  79.  78.  79.  77.  76.  75.  75.  74.  73.
  72.  71.  70.  69.  68.  67.  66.  65.  63.  61.  59.  58.  56.  54.
  52.  49.  47.  45.  36.  33.  37.  33.  32.  36.  35.  32.  32.  31.
  30.  29.  31.  30.  28.  27.  31.  26.  25.  27.  21.  23.  22.  19.
  20.  16.]


DECISION: UPCOMING NEAR ROCK SAMPLE SEEN!
Rover is at  78   78
Mean of rock is at  104   72
Distance from rock  26.68332812825267
Number of possible pixels:  100
Rover velocity  0.491
Rover direction  Direction.TopLeft
steer iter  7
[160. 160. 159. 159. 158. 158. 157. 157. 157. 156. 156. 155. 155. 154.
 153. 153. 152. 152. 151. 151. 150. 150. 149. 149. 148. 147. 146. 146.
 145. 144. 143. 142. 141. 140. 139. 138. 137. 135. 134. 131. 128. 127.
 124. 122. 121. 119. 117. 116. 115. 114. 113. 112. 111. 110. 109. 108.
 106. 105. 103. 102. 100.  99.  97.  96.  93.  90.  87.  86.  83.  80.
  77.  73.  70.  67.  51.  48.  47.  47.  47.  46.  45.  45.  44.  44.
  44.  44.  43.  42.  42.  41.  40.  39.  38.  37.  33.  31.  30.  30.
  27.  22.] [112. 111. 111. 110. 110. 109. 129. 110. 109. 109. 108. 108. 107. 107.
 107. 106. 106. 105. 124. 105. 105. 104. 104. 103. 103. 102. 102. 101.
 101. 100.  99.  99.  98.  97.  97.  96.  95.  94.  93.  91.  89.  88.
  86.  83.  84.  81.  81.  79.  78.  79.  77.  76.  75.  75.  74.  73.
  72.  71.  70.  69.  68.  67.  66.  65.  63.  61.  59.  58.  56.  54.
  52.  49.  47.  45.  36.  33.  37.  33.  32.  36.  35.  32.  32.  31.
  30.  29.  31.  30.  28.  27.  31.  26.  25.  27.  21.  23.  22.  19.
  20.  16.]


DECISION: UPCOMING NEAR ROCK SAMPLE SEEN!
Rover is at  78   78
Mean of rock is at  70   63
Distance from rock  17.0
Number of possible pixels:  91
Rover velocity  0.4845
Rover direction  Direction.TopLeft
steer iter  7
[147. 146. 145. 144. 143. 142. 141. 140. 139. 138. 137. 112. 111. 110.
 109. 108. 107. 106. 105. 104. 103. 102. 101. 100.  99.  98.  77.  76.
  75.  75.  74.  73.  72.  71.  70.  69.  68.  68.  67.  66.  65.  64.
  63.  62.  61.  59.  57.  56.  55.  55.  55.  54.  54.  53.  53.  52.
  52.  51.  50.  50.  49.  49.  48.  48.  47.  46.  45.  45.  44.  44.
  44.  44.  43.  43.  40.  39.  36.  36.  35.  35.  34.  34.  33.  31.
  30.  28.  27.  23.  23.  17.  16.] [141. 140. 139. 138. 137. 136. 135. 134. 133. 132. 131. 107. 106. 105.
 104. 103. 102. 101. 100.  99.  98.  97.  96.  95.  94.  93.  73.  72.
  71.  63.  70.  69.  68.  67.  66.  65.  64.  57.  63.  62.  61.  60.
  53.  52.  51.  46.  46.  45.  46.  44.  43.  45.  42.  44.  41.  43.
  40.  40.  42.  39.  41.  38.  40.  37.  36.  35.  36.  35.  37.  36.
  35.  34.  34.  33.  30.  29.  31.  30.  29.  26.  29.  25.  28.  26.
  25.  20.  19.  19.  16.  13.  12.]


DECISION: UPCOMING NEAR ROCK SAMPLE SEEN!
Rover is at  78   78
Mean of rock is at  70   63
Distance from rock  17.0
Number of possible pixels:  91
Rover velocity  0.4845
Rover direction  Direction.TopLeft
steer iter  7
[147. 146. 145. 144. 143. 142. 141. 140. 139. 138. 137. 112. 111. 110.
 109. 108. 107. 106. 105. 104. 103. 102. 101. 100.  99.  98.  77.  76.
  75.  75.  74.  73.  72.  71.  70.  69.  68.  68.  67.  66.  65.  64.
  63.  62.  61.  59.  57.  56.  55.  55.  55.  54.  54.  53.  53.  52.
  52.  51.  50.  50.  49.  49.  48.  48.  47.  46.  45.  45.  44.  44.
  44.  44.  43.  43.  40.  39.  36.  36.  35.  35.  34.  34.  33.  31.
  30.  28.  27.  23.  23.  17.  16.] [141. 140. 139. 138. 137. 136. 135. 134. 133. 132. 131. 107. 106. 105.
 104. 103. 102. 101. 100.  99.  98.  97.  96.  95.  94.  93.  73.  72.
  71.  63.  70.  69.  68.  67.  66.  65.  64.  57.  63.  62.  61.  60.
  53.  52.  51.  46.  46.  45.  46.  44.  43.  45.  42.  44.  41.  43.
  40.  40.  42.  39.  41.  38.  40.  37.  36.  35.  36.  35.  37.  36.
  35.  34.  34.  33.  30.  29.  31.  30.  29.  26.  29.  25.  28.  26.
  25.  20.  19.  19.  16.  13.  12.]


DECISION: UPCOMING NEAR ROCK SAMPLE SEEN!
Rover is at  78   78
Mean of rock is at  76   73
Distance from rock  5.385164807134504
Number of possible pixels:  61
Rover velocity  0.4806
Rover direction  Direction.TopLeft
steer iter  7
[158. 157. 157. 156. 156. 155. 155. 154. 154. 153. 152. 151. 150. 149.
 148. 147. 146. 145. 144. 143. 142.  50.  49.  48.  47.  47.  47.  46.
  46.  46.  45.  45.  45.  44.  44.  44.  43.  42.  41.  39.  38.  38.
  37.  37.  37.  35.  34.  34.  33.  33.  30.  29.  28.  27.  25.  24.
  23.  22.  18.  17.  15.] [160. 160. 159. 159. 158. 158. 157. 157. 156. 155. 154. 153. 152. 151.
 150. 149. 148. 147. 146. 145. 144.  43.  42.  41.  42.  41.  40.  41.
  40.  39.  40.  39.  38.  39.  38.  37.  36.  35.  34.  33.  34.  32.
  33.  31.  30.  29.  31.  28.  30.  27.  24.  23.  22.  21.  23.  22.
  21.  20.  16.  15.  12.]


DECISION: UPCOMING NEAR ROCK SAMPLE SEEN!
Rover is at  78   78
Mean of rock is at  56   71
Distance from rock  23.08679276123039
Number of possible pixels:  43
Rover velocity  0.466
Rover direction  Direction.TopLeft
steer iter  7
[116. 115. 114. 113. 111. 110. 108. 105. 103. 100.  97.  95.  92.  46.
  43.  43.  42.  41.  41.  40.  40.  40.  39.  39.  38.  38.  38.  37.
  37.  37.  36.  35.  34.  33.  31.  30.  29.  27.  26.  25.  21.  14.
  13.] [158. 157. 155. 154. 151. 150. 147. 143. 140. 136. 132. 129. 125.  59.
  55.  49.  48.  52.  47.  51.  45.  44.  44.  43.  48.  44.  43.  47.
  42.  41.  42.  44.  43.  36.  39.  32.  31.  32.  27.  30.  25.  16.
  14.]


DECISION: UPCOMING NEAR ROCK SAMPLE SEEN!
Rover is at  78   78
Mean of rock is at  56   71
Distance from rock  23.08679276123039
Number of possible pixels:  43
Rover velocity  0.466
Rover direction  Direction.TopLeft
steer iter  7
[116. 115. 114. 113. 111. 110. 108. 105. 103. 100.  97.  95.  92.  46.
  43.  43.  42.  41.  41.  40.  40.  40.  39.  39.  38.  38.  38.  37.
  37.  37.  36.  35.  34.  33.  31.  30.  29.  27.  26.  25.  21.  14.
  13.] [158. 157. 155. 154. 151. 150. 147. 143. 140. 136. 132. 129. 125.  59.
  55.  49.  48.  52.  47.  51.  45.  44.  44.  43.  48.  44.  43.  47.
  42.  41.  42.  44.  43.  36.  39.  32.  31.  32.  27.  30.  25.  16.
  14.]
SET steer_iter to ZERO
SET steer_iter to ZERO
SET steer_iter to ZERO
SET steer_iter to ZERO
SET steer_iter to ZERO
SET steer_iter to ZERO
SET steer_iter to ZERO

